utIndex	utLat (deg)	utLon (deg)	Av DL (Mbps)	Av UL (Mbps)	Max DL (Mbps)	Max UL (Mbps)
1	81.6684	-142.0062	80	80	100	100
2	83.7436	-148.9790	80	80	100	100
3	83.1425	-84.1764	80	80	100	100
4	85.7300	-87.7059	80	80	100	100
5	80.8479	-28.9809	80	80	100	100
6	80.9322	-29.6150	80	80	100	100
7	82.8269	-11.2148	80	80	100	100
8	81.7193	-13.8632	80	80	100	100
9	81.8477	71.9106	80	80	100	100
10	86.5255	79.7141	80	80	100	100
11	83.5244	134.1916	80	80	100	100
12	87.6251	135.2838	80	80	100	100
13	84.1030	167.7164	80	80	100	100
14	81.8942	160.5819	80	80	100	100
15	76.3626	-103.6236	80	80	100	100
16	71.2318	-80.8525	80	80	100	100
17	71.0838	-60.1013	80	80	100	100
18	71.7875	-51.0020	80	80	100	100
19	71.0203	-18.7854	80	80	100	100
20	76.9309	10.5162	80	80	100	100
21	74.8144	12.4412	80	80	100	100
22	71.0521	12.5159	80	80	100	100
23	75.8684	14.8523	80	80	100	100
24	73.3845	12.7470	80	80	100	100
25	75.8931	23.8415	80	80	100	100
26	74.5822	27.7344	80	80	100	100
27	60.2556	-169.9981	80	80	100	100
28	61.2897	-157.4832	80	80	100	100
29	68.6711	-147.2926	80	80	100	100
30	66.4051	-138.6344	80	80	100	100
31	68.9185	-115.6456	80	80	100	100
32	66.0435	-99.9456	80	80	100	100
33	69.5903	-76.2523	80	80	100	100
34	63.7998	-28.9824	80	80	100	100
35	63.8410	-14.4458	80	80	100	100
36	63.2084	1.9206	80	80	100	100
37	68.0226	2.8862	80	80	100	100
38	66.1617	15.0712	80	80	100	100
39	65.2680	11.4550	80	80	100	100
40	66.6340	13.3651	80	80	100	100
41	63.9347	11.7278	80	80	100	100
42	61.1758	16.1842	80	80	100	100
43	64.9902	25.1101	80	80	100	100
44	63.7032	28.3502	80	80	100	100
45	63.4291	20.3756	80	80	100	100
46	68.3228	23.3844	80	80	100	100
47	64.7984	26.2075	80	80	100	100
48	54.1771	-161.2813	80	80	100	100
49	56.1936	-150.7463	80	80	100	100
50	52.2423	-133.2925	80	80	100	100
51	56.0140	-102.1781	80	80	100	100
52	56.3945	-97.1596	80	80	100	100
53	58.8535	-85.7852	80	80	100	100
54	57.1523	-75.8165	80	80	100	100
55	53.7769	-75.6023	80	80	100	100
56	57.5968	-50.4885	80	80	100	100
57	53.5737	-32.6505	80	80	100	100
58	54.0836	-1.8794	80	80	100	100
59	58.9825	-6.5226	80	80	100	100
60	54.2128	-4.3541	80	80	100	100
61	59.1260	-7.7331	80	80	100	100
62	56.9706	6.2194	80	80	100	100
63	59.2798	6.7330	80	80	100	100
64	50.1042	2.1871	80	80	100	100
65	55.9731	3.6554	80	80	100	100
66	51.4959	13.0364	80	80	100	100
67	55.3477	10.4214	80	80	100	100
68	57.8241	19.4366	80	80	100	100
69	59.8404	16.4491	80	80	100	100
70	58.0767	24.9289	80	80	100	100
71	55.5413	171.0588	80	80	100	100
72	55.2923	170.4157	80	80	100	100
73	44.5559	-124.9025	80	80	100	100
74	47.8757	-121.7441	80	80	100	100
75	49.0217	-119.9536	80	80	100	100
76	42.5443	-106.5198	80	80	100	100
77	41.7428	-93.6708	80	80	100	100
78	42.3458	-84.2547	80	80	100	100
79	42.2388	-77.7348	80	80	100	100
80	48.7625	-72.6317	80	80	100	100
81	42.5304	-66.6110	80	80	100	100
82	42.9160	-66.9914	80	80	100	100
83	43.1751	-58.5368	80	80	100	100
84	44.0083	-9.5312	80	80	100	100
85	49.2571	-8.5320	80	80	100	100
86	47.4949	-6.2133	80	80	100	100
87	49.3695	4.0221	80	80	100	100
88	49.0541	5.5892	80	80	100	100
89	48.0183	8.2492	80	80	100	100
90	46.6100	8.2158	80	80	100	100
91	48.6668	12.9106	80	80	100	100
92	42.9148	14.5859	80	80	100	100
93	48.8443	12.2114	80	80	100	100
94	42.6544	19.8266	80	80	100	100
95	46.7408	21.1814	80	80	100	100
96	44.6807	27.0944	80	80	100	100
97	47.4712	29.0459	80	80	100	100
98	45.0960	20.8624	80	80	100	100
99	45.4314	32.3270	80	80	100	100
100	49.9872	30.0866	80	80	100	100
101	40.0121	35.8298	80	80	100	100
102	41.3310	33.1453	80	80	100	100
103	46.9512	141.7579	80	80	100	100
104	42.0608	143.5845	80	80	100	100
105	48.5133	147.3244	80	80	100	100
106	40.6910	146.5850	80	80	100	100
107	41.1656	142.0045	80	80	100	100
108	47.0850	148.9708	80	80	100	100
109	45.4591	144.5968	80	80	100	100
110	48.9128	146.1900	80	80	100	100
111	36.4337	-121.1144	80	80	100	100
112	38.0159	-123.9204	80	80	100	100
113	38.2630	-113.4842	80	80	100	100
114	38.6280	-102.4795	80	80	100	100
115	33.1478	-95.3164	80	80	100	100
116	37.3405	-87.2816	80	80	100	100
117	37.3640	-73.8281	80	80	100	100
118	33.2470	-79.5091	80	80	100	100
119	34.3309	-34.4240	80	80	100	100
120	37.4309	-24.3040	80	80	100	100
121	33.6892	-23.5933	80	80	100	100
122	34.8404	-25.5137	80	80	100	100
123	36.6687	-21.9046	80	80	100	100
124	30.0208	-13.0393	80	80	100	100
125	37.7995	-11.8697	80	80	100	100
126	34.3950	-14.6325	80	80	100	100
127	38.4348	-11.6391	80	80	100	100
128	32.8033	-11.1665	80	80	100	100
129	33.3787	-19.5597	80	80	100	100
130	38.0346	-18.4370	80	80	100	100
131	38.7806	-19.4491	80	80	100	100
132	31.9448	-6.9337	80	80	100	100
133	37.1791	-7.2485	80	80	100	100
134	31.9613	-0.3231	80	80	100	100
135	35.2396	-9.4821	80	80	100	100
136	37.8239	-2.0624	80	80	100	100
137	34.6508	-3.9845	80	80	100	100
138	33.0982	-5.9177	80	80	100	100
139	35.9318	-3.8536	80	80	100	100
140	36.4070	6.2664	80	80	100	100
141	30.9155	6.8340	80	80	100	100
142	34.2008	8.0279	80	80	100	100
143	36.3634	7.9579	80	80	100	100
144	30.0246	5.6259	80	80	100	100
145	31.6537	8.5173	80	80	100	100
146	37.5502	9.1816	80	80	100	100
147	38.8385	0.7792	80	80	100	100
148	37.2747	3.7279	80	80	100	100
149	31.9501	5.6143	80	80	100	100
150	38.7365	7.1365	80	80	100	100
151	30.0078	8.4244	80	80	100	100
152	31.1842	1.5577	80	80	100	100
153	39.6493	3.4461	80	80	100	100
154	37.5553	6.3068	80	80	100	100
155	37.0768	18.8867	80	80	100	100
156	31.6914	10.3170	80	80	100	100
157	33.4145	11.7608	80	80	100	100
158	39.6150	11.5136	80	80	100	100
159	37.0569	17.9302	80	80	100	100
160	38.8528	15.3761	80	80	100	100
161	30.8831	14.0399	80	80	100	100
162	32.1473	13.8215	80	80	100	100
163	35.6591	15.2423	80	80	100	100
164	39.2692	19.4930	80	80	100	100
165	34.7027	11.8222	80	80	100	100
166	38.4776	16.1620	80	80	100	100
167	33.1470	16.4163	80	80	100	100
168	39.9631	10.5640	80	80	100	100
169	33.1318	14.3734	80	80	100	100
170	35.1971	21.3165	80	80	100	100
171	38.3277	23.7157	80	80	100	100
172	30.4789	23.4883	80	80	100	100
173	35.9338	20.3251	80	80	100	100
174	34.0628	20.9340	80	80	100	100
175	33.0015	28.2839	80	80	100	100
176	33.8820	22.1240	80	80	100	100
177	36.1261	29.9738	80	80	100	100
178	37.7383	23.3392	80	80	100	100
179	37.3793	20.1122	80	80	100	100
180	39.1622	29.1665	80	80	100	100
181	31.4178	25.9515	80	80	100	100
182	31.8638	26.3096	80	80	100	100
183	39.4272	20.5057	80	80	100	100
184	39.1985	22.8045	80	80	100	100
185	32.7537	32.1450	80	80	100	100
186	35.4892	35.4882	80	80	100	100
187	36.5772	39.9405	80	80	100	100
188	39.0807	36.7088	80	80	100	100
189	37.3388	31.6192	80	80	100	100
190	36.1638	30.0838	80	80	100	100
191	33.1231	36.3593	80	80	100	100
192	39.3495	31.5982	80	80	100	100
193	35.2724	37.2059	80	80	100	100
194	36.9498	34.7094	80	80	100	100
195	36.0673	31.2528	80	80	100	100
196	30.3933	37.5974	80	80	100	100
197	36.3373	35.2668	80	80	100	100
198	30.1368	36.4016	80	80	100	100
199	33.6207	37.4645	80	80	100	100
200	37.7242	38.4211	80	80	100	100
201	30.2400	31.5387	80	80	100	100
202	34.6586	39.7490	80	80	100	100
203	37.5048	47.8087	80	80	100	100
204	31.9449	47.5667	80	80	100	100
205	38.1181	44.6198	80	80	100	100
206	38.4476	47.7541	80	80	100	100
207	31.1359	48.4118	80	80	100	100
208	31.3826	40.3573	80	80	100	100
209	35.9225	49.7969	80	80	100	100
210	32.5598	42.5786	80	80	100	100
211	31.7153	42.1899	80	80	100	100
212	32.1278	43.1610	80	80	100	100
213	34.3768	42.0787	80	80	100	100
214	39.4269	41.1735	80	80	100	100
215	31.9971	42.9147	80	80	100	100
216	38.5607	46.6603	80	80	100	100
217	39.3990	49.8942	80	80	100	100
218	31.2305	43.9050	80	80	100	100
219	36.1407	46.4793	80	80	100	100
220	32.2418	42.0895	80	80	100	100
221	39.2722	50.4207	80	80	100	100
222	36.6481	55.9170	80	80	100	100
223	30.8467	50.4721	80	80	100	100
224	30.8311	50.7817	80	80	100	100
225	30.2961	54.2707	80	80	100	100
226	39.1098	52.5548	80	80	100	100
227	35.5265	50.1819	80	80	100	100
228	36.9290	55.3991	80	80	100	100
229	32.8314	59.0777	80	80	100	100
230	37.9266	50.4776	80	80	100	100
231	35.0482	54.4630	80	80	100	100
232	36.2531	50.7156	80	80	100	100
233	31.8297	57.0375	80	80	100	100
234	31.9558	51.2882	80	80	100	100
235	36.4361	59.1311	80	80	100	100
236	38.4483	56.3482	80	80	100	100
237	39.2004	51.0501	80	80	100	100
238	32.5107	51.6767	80	80	100	100
239	32.0243	57.7921	80	80	100	100
240	34.1006	50.2596	80	80	100	100
241	38.1513	53.6999	80	80	100	100
242	38.9446	55.2886	80	80	100	100
243	33.2995	69.0727	80	80	100	100
244	39.6615	62.6372	80	80	100	100
245	39.6029	60.0670	80	80	100	100
246	31.8237	64.7394	80	80	100	100
247	36.3565	61.6578	80	80	100	100
248	31.1543	62.4106	80	80	100	100
249	35.9902	67.3815	80	80	100	100
250	39.1418	60.2735	80	80	100	100
251	32.2138	62.3511	80	80	100	100
252	34.1492	65.0210	80	80	100	100
253	31.8691	63.9117	80	80	100	100
254	33.6920	68.3952	80	80	100	100
255	32.5933	68.5970	80	80	100	100
256	30.8641	64.0907	80	80	100	100
257	34.6324	62.8428	80	80	100	100
258	36.2645	66.1655	80	80	100	100
259	34.7008	68.7750	80	80	100	100
260	39.4134	64.1560	80	80	100	100
261	32.6259	63.9195	80	80	100	100
262	33.8316	65.5481	80	80	100	100
263	37.7395	65.9046	80	80	100	100
264	36.5115	68.3606	80	80	100	100
265	36.9640	126.9850	80	80	100	100
266	34.7043	126.2806	80	80	100	100
267	35.3321	129.5192	80	80	100	100
268	32.7639	122.5569	80	80	100	100
269	38.0170	124.3744	80	80	100	100
270	35.8814	125.1367	80	80	100	100
271	32.9098	127.8483	80	80	100	100
272	30.5868	121.8374	80	80	100	100
273	35.8116	123.0196	80	80	100	100
274	39.0475	122.2949	80	80	100	100
275	31.7884	128.6482	80	80	100	100
276	32.6162	122.3217	80	80	100	100
277	35.0463	129.8963	80	80	100	100
278	30.3252	122.6127	80	80	100	100
279	35.0362	120.8133	80	80	100	100
280	37.0210	128.3057	80	80	100	100
281	36.1097	122.7845	80	80	100	100
282	39.4039	126.9850	80	80	100	100
283	33.1683	126.4052	80	80	100	100
284	34.6599	121.7571	80	80	100	100
285	34.6162	120.2443	80	80	100	100
286	30.3193	120.8698	80	80	100	100
287	37.9608	128.8096	80	80	100	100
288	31.2201	126.1090	80	80	100	100
289	31.9493	128.3800	80	80	100	100
290	38.3817	135.6184	80	80	100	100
291	38.7305	134.1708	80	80	100	100
292	33.6831	137.3963	80	80	100	100
293	33.6619	137.7665	80	80	100	100
294	32.0941	136.5803	80	80	100	100
295	38.4265	138.1301	80	80	100	100
296	35.0181	132.4321	80	80	100	100
297	36.6119	138.4534	80	80	100	100
298	32.5187	139.3824	80	80	100	100
299	32.1240	139.6042	80	80	100	100
300	33.1835	134.8314	80	80	100	100
301	33.9611	138.9644	80	80	100	100
302	31.7783	137.5561	80	80	100	100
303	30.2892	131.5652	80	80	100	100
304	38.7700	136.9158	80	80	100	100
305	39.4345	148.7441	80	80	100	100
306	31.4521	147.4996	80	80	100	100
307	31.7124	141.2167	80	80	100	100
308	38.6432	148.5348	80	80	100	100
309	31.6561	145.2916	80	80	100	100
310	37.5535	141.3824	80	80	100	100
311	31.8750	145.7127	80	80	100	100
312	38.3794	143.7060	80	80	100	100
313	22.3513	-152.1128	80	80	100	100
314	29.1863	-119.9226	80	80	100	100
315	26.3650	-110.8452	80	80	100	100
316	21.7666	-107.1533	80	80	100	100
317	25.3434	-99.2688	80	80	100	100
318	25.9671	-82.4269	80	80	100	100
319	22.5183	-85.4981	80	80	100	100
320	22.6987	-73.4643	80	80	100	100
321	27.0895	-70.8035	80	80	100	100
322	27.2024	-53.7263	80	80	100	100
323	28.3078	-48.8073	80	80	100	100
324	25.5308	-16.1620	80	80	100	100
325	26.7357	-10.2158	80	80	100	100
326	23.3071	-15.2474	80	80	100	100
327	28.6618	-17.7842	80	80	100	100
328	28.4510	-5.6669	80	80	100	100
329	25.6058	-6.9830	80	80	100	100
330	21.6722	-2.9306	80	80	100	100
331	29.0393	-3.6043	80	80	100	100
332	25.1333	-4.1115	80	80	100	100
333	23.9199	-7.7422	80	80	100	100
334	26.8843	-6.0928	80	80	100	100
335	28.6066	-9.5644	80	80	100	100
336	25.6702	5.3114	80	80	100	100
337	27.2087	0.6702	80	80	100	100
338	22.3233	7.8406	80	80	100	100
339	25.8944	9.2347	80	80	100	100
340	22.3365	8.7123	80	80	100	100
341	22.1356	6.9511	80	80	100	100
342	29.6751	0.9800	80	80	100	100
343	29.1280	7.5867	80	80	100	100
344	29.2937	17.3179	80	80	100	100
345	23.2180	14.3192	80	80	100	100
346	26.0756	14.1846	80	80	100	100
347	23.4150	17.6183	80	80	100	100
348	20.8993	16.0447	80	80	100	100
349	28.5086	18.4094	80	80	100	100
350	25.9566	18.5222	80	80	100	100
351	22.5138	13.0484	80	80	100	100
352	25.1089	28.7658	80	80	100	100
353	22.8576	21.0684	80	80	100	100
354	22.1690	22.7462	80	80	100	100
355	26.3325	28.1319	80	80	100	100
356	23.3394	25.6243	80	80	100	100
357	27.8518	23.7664	80	80	100	100
358	22.0322	24.7312	80	80	100	100
359	24.7727	20.5964	80	80	100	100
360	20.3690	32.9866	80	80	100	100
361	20.1684	32.5952	80	80	100	100
362	20.8781	31.3867	80	80	100	100
363	24.7505	33.1462	80	80	100	100
364	23.9889	39.5858	80	80	100	100
365	27.9719	39.9114	80	80	100	100
366	25.2355	32.3787	80	80	100	100
367	21.9777	34.6636	80	80	100	100
368	27.3839	30.9344	80	80	100	100
369	26.0795	32.5308	80	80	100	100
370	20.9134	39.8752	80	80	100	100
371	25.4214	33.5951	80	80	100	100
372	29.9154	38.6995	80	80	100	100
373	23.5584	33.7167	80	80	100	100
374	22.9687	39.1263	80	80	100	100
375	29.0541	39.4785	80	80	100	100
376	26.4688	34.5183	80	80	100	100
377	29.2743	32.8127	80	80	100	100
378	22.7323	34.3131	80	80	100	100
379	22.8491	33.1247	80	80	100	100
380	29.8266	39.8785	80	80	100	100
381	26.3843	38.9665	80	80	100	100
382	20.5032	36.1311	80	80	100	100
383	22.6805	32.9429	80	80	100	100
384	26.9976	30.5114	80	80	100	100
385	20.2326	30.7995	80	80	100	100
386	26.7415	32.1497	80	80	100	100
387	22.2674	34.1172	80	80	100	100
388	25.3055	39.6516	80	80	100	100
389	27.0539	38.1140	80	80	100	100
390	25.3958	38.8738	80	80	100	100
391	25.7106	31.0165	80	80	100	100
392	21.8013	47.8467	80	80	100	100
393	23.8445	40.2531	80	80	100	100
394	25.7468	48.3937	80	80	100	100
395	20.0133	40.0450	80	80	100	100
396	28.5627	48.6248	80	80	100	100
397	27.9158	43.3331	80	80	100	100
398	28.9457	43.1666	80	80	100	100
399	23.0961	42.3558	80	80	100	100
400	25.0101	40.3345	80	80	100	100
401	27.8263	40.6833	80	80	100	100
402	20.4793	45.7342	80	80	100	100
403	21.0591	48.7089	80	80	100	100
404	29.0384	45.0711	80	80	100	100
405	21.4872	42.8037	80	80	100	100
406	26.5091	45.2028	80	80	100	100
407	22.3371	40.9253	80	80	100	100
408	21.2557	41.2422	80	80	100	100
409	25.9775	49.6705	80	80	100	100
410	24.0031	48.8351	80	80	100	100
411	29.6222	40.4449	80	80	100	100
412	28.2914	45.8057	80	80	100	100
413	23.7299	45.5323	80	80	100	100
414	23.9507	45.2611	80	80	100	100
415	22.9486	49.7483	80	80	100	100
416	24.8464	41.7865	80	80	100	100
417	26.1858	57.2421	80	80	100	100
418	25.9252	50.3830	80	80	100	100
419	27.0073	59.6267	80	80	100	100
420	25.9223	55.0435	80	80	100	100
421	20.1102	57.4693	80	80	100	100
422	24.7555	52.0838	80	80	100	100
423	23.0517	59.8476	80	80	100	100
424	23.3571	52.6740	80	80	100	100
425	24.6043	54.9732	80	80	100	100
426	26.5017	54.1878	80	80	100	100
427	21.1591	57.6775	80	80	100	100
428	22.1028	51.0949	80	80	100	100
429	28.5683	58.3604	80	80	100	100
430	23.6643	55.4403	80	80	100	100
431	25.6481	52.6180	80	80	100	100
432	29.7558	50.2319	80	80	100	100
433	20.6548	55.5092	80	80	100	100
434	27.6503	57.8070	80	80	100	100
435	25.7216	51.4576	80	80	100	100
436	22.7448	51.7935	80	80	100	100
437	25.7709	54.7162	80	80	100	100
438	22.2906	52.2554	80	80	100	100
439	23.9976	50.3543	80	80	100	100
440	20.8643	51.9595	80	80	100	100
441	29.6950	52.8692	80	80	100	100
442	22.7272	53.1758	80	80	100	100
443	26.6055	54.6366	80	80	100	100
444	29.6012	50.7431	80	80	100	100
445	21.9311	56.8728	80	80	100	100
446	20.9732	63.4711	80	80	100	100
447	29.1940	68.5510	80	80	100	100
448	26.8218	64.6533	80	80	100	100
449	27.8511	68.5887	80	80	100	100
450	22.0658	64.5227	80	80	100	100
451	27.5224	60.7806	80	80	100	100
452	26.0790	61.0622	80	80	100	100
453	20.5286	62.7418	80	80	100	100
454	29.6837	67.6568	80	80	100	100
455	23.3901	65.7967	80	80	100	100
456	23.2473	65.2368	80	80	100	100
457	20.2243	60.2367	80	80	100	100
458	29.6865	63.0080	80	80	100	100
459	20.2076	67.6668	80	80	100	100
460	29.0455	68.2007	80	80	100	100
461	20.0387	65.7704	80	80	100	100
462	24.6666	64.1738	80	80	100	100
463	25.7448	67.3595	80	80	100	100
464	28.8200	60.2666	80	80	100	100
465	24.1792	66.5586	80	80	100	100
466	24.1891	66.9589	80	80	100	100
467	25.9047	62.6084	80	80	100	100
468	20.5680	69.7959	80	80	100	100
469	26.7648	62.8492	80	80	100	100
470	22.7059	62.3043	80	80	100	100
471	20.5533	64.9632	80	80	100	100
472	26.0444	64.2667	80	80	100	100
473	20.5823	69.9437	80	80	100	100
474	23.0720	68.8696	80	80	100	100
475	29.4116	69.1168	80	80	100	100
476	22.6989	69.1469	80	80	100	100
477	22.2848	64.0049	80	80	100	100
478	29.5230	61.3095	80	80	100	100
479	20.6204	64.4531	80	80	100	100
480	29.7736	61.0832	80	80	100	100
481	26.5280	65.9233	80	80	100	100
482	28.7295	79.7978	80	80	100	100
483	27.7402	75.8381	80	80	100	100
484	27.4040	77.0455	80	80	100	100
485	29.2995	75.3675	80	80	100	100
486	26.7076	79.2151	80	80	100	100
487	27.8195	79.7633	80	80	100	100
488	21.5219	79.6010	80	80	100	100
489	28.7323	75.1857	80	80	100	100
490	25.9046	74.6185	80	80	100	100
491	29.4582	71.1867	80	80	100	100
492	29.8791	79.6520	80	80	100	100
493	24.9283	74.5611	80	80	100	100
494	21.7401	77.1293	80	80	100	100
495	28.2709	77.4310	80	80	100	100
496	26.9145	70.5863	80	80	100	100
497	22.5349	75.5077	80	80	100	100
498	20.2328	70.4041	80	80	100	100
499	25.3991	75.6961	80	80	100	100
500	25.6683	78.8028	80	80	100	100
501	25.1372	76.7287	80	80	100	100
502	25.0126	75.0791	80	80	100	100
503	25.1778	75.1251	80	80	100	100
504	24.3107	78.8292	80	80	100	100
505	22.5515	78.8947	80	80	100	100
506	28.4518	73.3931	80	80	100	100
507	24.2228	80.3013	80	80	100	100
508	29.1159	81.0347	80	80	100	100
509	20.5026	89.7329	80	80	100	100
510	28.1715	84.3867	80	80	100	100
511	29.5559	87.3286	80	80	100	100
512	22.9559	86.5755	80	80	100	100
513	23.4226	82.3976	80	80	100	100
514	27.5784	88.6100	80	80	100	100
515	23.8550	87.3766	80	80	100	100
516	25.7753	88.7915	80	80	100	100
517	24.7202	84.7238	80	80	100	100
518	25.7312	81.2684	80	80	100	100
519	24.6542	84.4016	80	80	100	100
520	25.0861	83.6639	80	80	100	100
521	28.1433	85.5946	80	80	100	100
522	27.2219	84.8175	80	80	100	100
523	27.4695	89.7759	80	80	100	100
524	23.3897	86.7454	80	80	100	100
525	22.0559	82.4033	80	80	100	100
526	20.0181	87.8940	80	80	100	100
527	25.0881	84.4935	80	80	100	100
528	26.4638	82.3200	80	80	100	100
529	24.7889	95.7516	80	80	100	100
530	21.6547	99.9947	80	80	100	100
531	26.2691	97.2642	80	80	100	100
532	26.8417	92.4946	80	80	100	100
533	23.4821	95.7963	80	80	100	100
534	22.1565	90.5380	80	80	100	100
535	24.8180	92.8880	80	80	100	100
536	24.2963	91.3050	80	80	100	100
537	28.1009	127.0391	80	80	100	100
538	24.3385	129.8062	80	80	100	100
539	22.0287	127.9858	80	80	100	100
540	22.3531	120.9588	80	80	100	100
541	26.9376	123.0999	80	80	100	100
542	24.2350	124.9893	80	80	100	100
543	25.5207	126.1873	80	80	100	100
544	27.2132	123.4950	80	80	100	100
545	21.9521	124.2956	80	80	100	100
546	20.3697	127.6909	80	80	100	100
547	25.3783	128.9296	80	80	100	100
548	29.2373	128.3524	80	80	100	100
549	24.5299	129.9019	80	80	100	100
550	28.2947	129.9817	80	80	100	100
551	26.5013	122.8004	80	80	100	100
552	27.8779	127.9159	80	80	100	100
553	26.5991	124.6268	80	80	100	100
554	29.4000	126.3646	80	80	100	100
555	20.2287	131.2361	80	80	100	100
556	23.7396	139.9833	80	80	100	100
557	21.0917	139.8919	80	80	100	100
558	23.6673	156.1469	80	80	100	100
559	22.7606	151.5633	80	80	100	100
560	25.9482	174.8965	80	80	100	100
561	24.2311	176.9138	80	80	100	100
562	10.3293	-152.2837	80	80	100	100
563	16.0266	-107.9845	80	80	100	100
564	19.6655	-105.4592	80	80	100	100
565	17.2060	-99.6643	80	80	100	100
566	10.4205	-85.8919	80	80	100	100
567	15.5895	-78.4461	80	80	100	100
568	15.8357	-71.7690	80	80	100	100
569	12.2514	-65.1882	80	80	100	100
570	15.6765	-60.8282	80	80	100	100
571	18.1682	-19.4034	80	80	100	100
572	18.7032	-18.1656	80	80	100	100
573	18.9279	-13.4621	80	80	100	100
574	15.9745	-17.3803	80	80	100	100
575	14.7938	-18.2861	80	80	100	100
576	13.5346	-14.1903	80	80	100	100
577	11.7762	-15.7917	80	80	100	100
578	19.7405	-10.1561	80	80	100	100
579	10.7487	-0.2049	80	80	100	100
580	17.4035	-2.2991	80	80	100	100
581	19.3081	-5.0036	80	80	100	100
582	11.6623	-5.7068	80	80	100	100
583	18.7671	-7.9290	80	80	100	100
584	13.2776	-8.4350	80	80	100	100
585	11.1334	-8.9061	80	80	100	100
586	17.9144	-6.4680	80	80	100	100
587	19.2912	-2.0438	80	80	100	100
588	11.0061	-5.9579	80	80	100	100
589	15.0035	-2.2798	80	80	100	100
590	19.2660	6.6224	80	80	100	100
591	18.9848	4.3065	80	80	100	100
592	10.8103	5.6342	80	80	100	100
593	14.3964	7.3313	80	80	100	100
594	18.8405	19.8097	80	80	100	100
595	14.1860	13.3175	80	80	100	100
596	11.1547	21.2731	80	80	100	100
597	14.9289	25.5115	80	80	100	100
598	17.7286	23.1674	80	80	100	100
599	15.4120	26.5259	80	80	100	100
600	15.4126	36.8342	80	80	100	100
601	17.6106	32.5555	80	80	100	100
602	19.7432	39.8351	80	80	100	100
603	14.7018	37.8685	80	80	100	100
604	19.5518	39.2748	80	80	100	100
605	11.1456	33.9852	80	80	100	100
606	11.3615	35.0375	80	80	100	100
607	16.4323	34.8308	80	80	100	100
608	11.6888	41.9554	80	80	100	100
609	13.4213	43.6771	80	80	100	100
610	18.6930	47.9298	80	80	100	100
611	19.1086	44.5013	80	80	100	100
612	11.5159	44.5815	80	80	100	100
613	19.5720	40.1594	80	80	100	100
614	15.0393	41.3518	80	80	100	100
615	10.2637	40.7637	80	80	100	100
616	16.3918	47.6327	80	80	100	100
617	10.3172	41.8501	80	80	100	100
618	11.0794	40.7403	80	80	100	100
619	14.5949	42.1996	80	80	100	100
620	17.7653	41.6165	80	80	100	100
621	18.6824	40.0354	80	80	100	100
622	14.3338	42.4977	80	80	100	100
623	11.5968	57.8425	80	80	100	100
624	11.5743	51.0167	80	80	100	100
625	13.3219	53.2776	80	80	100	100
626	15.2103	58.0010	80	80	100	100
627	10.1525	50.2662	80	80	100	100
628	18.0987	53.6130	80	80	100	100
629	13.7639	56.8619	80	80	100	100
630	10.8379	52.0265	80	80	100	100
631	12.0574	51.1774	80	80	100	100
632	11.6035	57.0743	80	80	100	100
633	15.7943	51.9872	80	80	100	100
634	10.4086	57.1385	80	80	100	100
635	14.4324	52.6959	80	80	100	100
636	15.5512	59.5430	80	80	100	100
637	15.8972	50.2517	80	80	100	100
638	13.6248	62.9406	80	80	100	100
639	17.2914	71.2050	80	80	100	100
640	18.9590	74.8823	80	80	100	100
641	11.1405	77.3264	80	80	100	100
642	19.2823	75.2235	80	80	100	100
643	15.7937	74.0772	80	80	100	100
644	18.7521	71.6156	80	80	100	100
645	14.0260	75.7349	80	80	100	100
646	15.3871	76.0567	80	80	100	100
647	11.3640	77.0500	80	80	100	100
648	11.9369	73.8204	80	80	100	100
649	16.1877	78.6038	80	80	100	100
650	18.6749	79.4882	80	80	100	100
651	12.1405	74.1270	80	80	100	100
652	17.0944	72.9024	80	80	100	100
653	17.6514	78.8600	80	80	100	100
654	19.3669	74.2703	80	80	100	100
655	18.0917	76.7454	80	80	100	100
656	10.8176	74.3847	80	80	100	100
657	19.4956	77.3014	80	80	100	100
658	17.4268	77.1413	80	80	100	100
659	10.5686	76.1641	80	80	100	100
660	14.1015	77.4141	80	80	100	100
661	18.3089	76.4620	80	80	100	100
662	17.2204	76.3057	80	80	100	100
663	10.3849	72.4577	80	80	100	100
664	12.4245	85.1750	80	80	100	100
665	18.5626	85.7371	80	80	100	100
666	19.1312	81.2331	80	80	100	100
667	15.4147	80.7521	80	80	100	100
668	13.9204	82.1263	80	80	100	100
669	14.7838	87.7091	80	80	100	100
670	13.5805	80.8050	80	80	100	100
671	19.5575	84.8611	80	80	100	100
672	14.1829	88.7833	80	80	100	100
673	18.7315	82.0469	80	80	100	100
674	12.7627	84.6077	80	80	100	100
675	19.7444	86.7973	80	80	100	100
676	14.8132	85.3020	80	80	100	100
677	11.9872	80.6375	80	80	100	100
678	10.7953	89.8445	80	80	100	100
679	14.7431	86.3968	80	80	100	100
680	18.8358	80.2134	80	80	100	100
681	13.8109	82.1488	80	80	100	100
682	13.3593	88.2571	80	80	100	100
683	14.1213	85.0841	80	80	100	100
684	11.8857	80.5403	80	80	100	100
685	17.2941	80.1886	80	80	100	100
686	11.2688	86.9734	80	80	100	100
687	12.9584	81.3507	80	80	100	100
688	12.9840	83.7403	80	80	100	100
689	19.3039	91.4582	80	80	100	100
690	15.9047	90.7388	80	80	100	100
691	13.8553	96.2180	80	80	100	100
692	13.7499	98.7080	80	80	100	100
693	14.7955	97.3740	80	80	100	100
694	11.1215	91.6013	80	80	100	100
695	18.8736	97.5465	80	80	100	100
696	18.2201	94.7371	80	80	100	100
697	17.4288	95.7758	80	80	100	100
698	10.0751	91.6591	80	80	100	100
699	13.0789	95.2616	80	80	100	100
700	10.3814	103.6398	80	80	100	100
701	13.5883	107.5333	80	80	100	100
702	16.9035	102.6756	80	80	100	100
703	10.4630	109.4308	80	80	100	100
704	10.0871	106.0238	80	80	100	100
705	18.1122	104.9245	80	80	100	100
706	13.8656	105.7394	80	80	100	100
707	10.4351	108.0454	80	80	100	100
708	16.7397	110.2811	80	80	100	100
709	10.8331	110.4604	80	80	100	100
710	12.4676	111.4214	80	80	100	100
711	16.0176	116.9188	80	80	100	100
712	12.0771	113.6124	80	80	100	100
713	16.2431	119.1554	80	80	100	100
714	10.2652	114.0311	80	80	100	100
715	19.7716	117.9057	80	80	100	100
716	18.9685	119.1142	80	80	100	100
717	14.4213	116.7157	80	80	100	100
718	15.8693	111.0468	80	80	100	100
719	13.5660	112.5473	80	80	100	100
720	10.1032	112.1974	80	80	100	100
721	18.8468	112.0049	80	80	100	100
722	14.6518	112.3293	80	80	100	100
723	18.1533	115.7576	80	80	100	100
724	18.5093	114.0215	80	80	100	100
725	15.8937	113.0464	80	80	100	100
726	16.1006	125.6373	80	80	100	100
727	17.5727	122.9896	80	80	100	100
728	14.4625	127.3297	80	80	100	100
729	12.9921	120.5351	80	80	100	100
730	13.7714	129.1442	80	80	100	100
731	17.3885	124.6352	80	80	100	100
732	12.5081	125.8238	80	80	100	100
733	10.7198	122.6812	80	80	100	100
734	18.4429	128.4012	80	80	100	100
735	18.2214	122.0994	80	80	100	100
736	18.9985	129.5528	80	80	100	100
737	18.5230	122.0169	80	80	100	100
738	12.0669	123.3366	80	80	100	100
739	11.8475	126.6989	80	80	100	100
740	14.6895	121.9656	80	80	100	100
741	15.9781	133.4131	80	80	100	100
742	10.8239	132.5470	80	80	100	100
743	16.0902	131.1874	80	80	100	100
744	11.3480	147.0590	80	80	100	100
745	16.0592	141.9574	80	80	100	100
746	16.8129	165.3290	80	80	100	100
747	12.3406	160.2809	80	80	100	100
748	0.8743	-88.5422	80	80	100	100
749	6.2384	-82.0828	80	80	100	100
750	0.7968	-86.2152	80	80	100	100
751	4.4567	-75.3678	80	80	100	100
752	1.2549	-70.4219	80	80	100	100
753	2.5139	-76.2309	80	80	100	100
754	0.4106	-60.7327	80	80	100	100
755	4.7114	-63.5489	80	80	100	100
756	8.9539	-59.8468	80	80	100	100
757	5.0112	-50.6999	80	80	100	100
758	1.4437	-16.3213	80	80	100	100
759	4.7255	-10.4305	80	80	100	100
760	1.3756	-14.5416	80	80	100	100
761	0.1541	-12.5047	80	80	100	100
762	9.2195	-1.9469	80	80	100	100
763	1.9157	-9.0116	80	80	100	100
764	5.4721	-5.3877	80	80	100	100
765	2.2866	-2.0895	80	80	100	100
766	6.9912	-0.7938	80	80	100	100
767	8.6943	-1.1041	80	80	100	100
768	4.3833	-0.1308	80	80	100	100
769	1.2966	-1.3454	80	80	100	100
770	4.7411	9.0461	80	80	100	100
771	5.1633	8.7269	80	80	100	100
772	5.7018	8.8627	80	80	100	100
773	1.9800	3.0951	80	80	100	100
774	0.5745	7.1559	80	80	100	100
775	0.5627	9.8491	80	80	100	100
776	5.8687	6.1937	80	80	100	100
777	7.0905	8.5759	80	80	100	100
778	5.6162	16.2660	80	80	100	100
779	5.8616	13.3659	80	80	100	100
780	6.3581	14.1871	80	80	100	100
781	7.0895	16.9281	80	80	100	100
782	0.1430	16.4789	80	80	100	100
783	7.7238	13.0218	80	80	100	100
784	2.8325	19.6816	80	80	100	100
785	5.9262	11.5855	80	80	100	100
786	6.0915	17.9022	80	80	100	100
787	8.6971	14.2453	80	80	100	100
788	3.7874	15.4480	80	80	100	100
789	5.3076	18.0913	80	80	100	100
790	5.8949	16.7521	80	80	100	100
791	9.0256	10.1876	80	80	100	100
792	2.6909	16.3795	80	80	100	100
793	1.7527	27.9280	80	80	100	100
794	8.7718	22.5376	80	80	100	100
795	4.9347	37.5856	80	80	100	100
796	4.6392	34.7097	80	80	100	100
797	5.4372	38.1861	80	80	100	100
798	2.8371	36.9274	80	80	100	100
799	8.4570	34.6493	80	80	100	100
800	1.4956	31.3800	80	80	100	100
801	2.6824	34.1494	80	80	100	100
802	3.2446	35.3055	80	80	100	100
803	4.2158	45.1982	80	80	100	100
804	8.2720	44.3120	80	80	100	100
805	0.0266	46.3971	80	80	100	100
806	1.4898	46.0813	80	80	100	100
807	5.4515	45.3447	80	80	100	100
808	7.5106	44.0308	80	80	100	100
809	7.1696	45.1363	80	80	100	100
810	6.3984	47.1109	80	80	100	100
811	7.6029	56.8104	80	80	100	100
812	8.8959	67.3336	80	80	100	100
813	6.3826	74.1154	80	80	100	100
814	0.6288	73.7642	80	80	100	100
815	9.8161	74.7448	80	80	100	100
816	1.7042	75.9718	80	80	100	100
817	8.2642	73.4986	80	80	100	100
818	9.3052	74.7269	80	80	100	100
819	4.8232	74.6151	80	80	100	100
820	2.2048	71.3795	80	80	100	100
821	8.3966	72.2629	80	80	100	100
822	2.2010	75.0839	80	80	100	100
823	4.5226	75.8511	80	80	100	100
824	6.4641	71.8390	80	80	100	100
825	2.4965	79.2651	80	80	100	100
826	7.6451	70.6960	80	80	100	100
827	6.7124	77.6819	80	80	100	100
828	8.5682	72.2125	80	80	100	100
829	3.8317	71.6124	80	80	100	100
830	6.1893	71.3847	80	80	100	100
831	3.8296	78.8615	80	80	100	100
832	6.6110	79.2596	80	80	100	100
833	9.9899	70.5535	80	80	100	100
834	1.3357	70.1885	80	80	100	100
835	3.7220	74.6607	80	80	100	100
836	3.6515	75.8747	80	80	100	100
837	9.1227	86.4324	80	80	100	100
838	7.6310	88.2004	80	80	100	100
839	4.9641	89.5564	80	80	100	100
840	1.1399	82.5656	80	80	100	100
841	9.2678	86.7451	80	80	100	100
842	3.9063	85.5205	80	80	100	100
843	5.0031	85.9118	80	80	100	100
844	3.8958	81.8921	80	80	100	100
845	8.5987	87.4196	80	80	100	100
846	6.9918	85.4584	80	80	100	100
847	9.7605	85.6230	80	80	100	100
848	8.6180	81.4162	80	80	100	100
849	0.4467	88.5807	80	80	100	100
850	3.8090	83.8545	80	80	100	100
851	0.6807	82.3900	80	80	100	100
852	5.1445	86.7994	80	80	100	100
853	0.7865	87.9018	80	80	100	100
854	1.5614	82.9001	80	80	100	100
855	6.7458	91.0849	80	80	100	100
856	8.6372	92.0352	80	80	100	100
857	2.5930	96.2778	80	80	100	100
858	4.0670	90.2719	80	80	100	100
859	2.8011	91.6094	80	80	100	100
860	9.8031	91.3947	80	80	100	100
861	2.8839	93.4482	80	80	100	100
862	4.7053	95.6236	80	80	100	100
863	7.9055	98.9472	80	80	100	100
864	4.1216	99.6886	80	80	100	100
865	6.5551	92.3952	80	80	100	100
866	4.9616	96.3311	80	80	100	100
867	4.5776	91.2410	80	80	100	100
868	1.0110	99.1948	80	80	100	100
869	6.2741	96.4838	80	80	100	100
870	9.4873	103.9572	80	80	100	100
871	0.6716	106.1819	80	80	100	100
872	4.6650	101.9341	80	80	100	100
873	4.9475	108.9408	80	80	100	100
874	2.2890	109.2782	80	80	100	100
875	5.9669	105.6161	80	80	100	100
876	8.0294	102.0798	80	80	100	100
877	3.3821	106.6871	80	80	100	100
878	0.7440	108.2360	80	80	100	100
879	9.1771	100.9918	80	80	100	100
880	7.9799	102.6916	80	80	100	100
881	0.2027	105.7032	80	80	100	100
882	6.0142	101.0693	80	80	100	100
883	2.3722	107.0712	80	80	100	100
884	3.0490	108.3756	80	80	100	100
885	6.9643	100.3423	80	80	100	100
886	6.7700	101.5599	80	80	100	100
887	8.4461	107.5146	80	80	100	100
888	6.0092	107.6139	80	80	100	100
889	9.8272	109.3367	80	80	100	100
890	1.8787	105.3566	80	80	100	100
891	1.4101	107.5784	80	80	100	100
892	6.9137	116.6300	80	80	100	100
893	5.1268	110.4004	80	80	100	100
894	4.6403	113.3186	80	80	100	100
895	8.6959	116.9935	80	80	100	100
896	4.2009	116.9809	80	80	100	100
897	0.3412	116.2048	80	80	100	100
898	0.1904	118.7536	80	80	100	100
899	4.1891	119.3562	80	80	100	100
900	9.3079	113.5230	80	80	100	100
901	0.2381	116.4664	80	80	100	100
902	9.1889	113.5139	80	80	100	100
903	6.3050	127.1108	80	80	100	100
904	1.4429	125.4621	80	80	100	100
905	4.4610	124.0035	80	80	100	100
906	3.1913	125.2000	80	80	100	100
907	0.1594	120.8503	80	80	100	100
908	0.8157	125.7487	80	80	100	100
909	0.7006	129.2780	80	80	100	100
910	4.9917	129.8406	80	80	100	100
911	0.2262	127.0890	80	80	100	100
912	0.9850	128.9415	80	80	100	100
913	4.5581	125.0068	80	80	100	100
914	0.1078	137.6894	80	80	100	100
915	7.6303	139.9851	80	80	100	100
916	4.5190	174.5776	80	80	100	100
917	9.0978	172.2288	80	80	100	100
918	-2.0677	-126.0602	80	80	100	100
919	-7.1123	-86.8863	80	80	100	100
920	-2.8667	-81.2274	80	80	100	100
921	-5.8436	-73.4622	80	80	100	100
922	-6.8388	-70.7544	80	80	100	100
923	-0.7556	-72.8888	80	80	100	100
924	-0.9798	-67.8059	80	80	100	100
925	-6.7282	-62.2846	80	80	100	100
926	-5.2986	-51.2318	80	80	100	100
927	-6.2318	-53.7693	80	80	100	100
928	-6.7698	-49.8443	80	80	100	100
929	-7.0169	-43.8012	80	80	100	100
930	-1.4518	-37.1568	80	80	100	100
931	-9.5464	-35.0127	80	80	100	100
932	-8.6206	1.3097	80	80	100	100
933	-0.6193	5.3741	80	80	100	100
934	-2.9297	17.7553	80	80	100	100
935	-9.4853	10.4416	80	80	100	100
936	-4.1298	16.3870	80	80	100	100
937	-8.4685	17.6996	80	80	100	100
938	-3.6711	12.8198	80	80	100	100
939	-6.9604	13.2560	80	80	100	100
940	-7.4953	10.7069	80	80	100	100
941	-0.8694	12.8496	80	80	100	100
942	-0.9254	20.5984	80	80	100	100
943	-6.8891	22.9262	80	80	100	100
944	-4.8408	22.3217	80	80	100	100
945	-0.1737	24.9700	80	80	100	100
946	-5.5049	38.2828	80	80	100	100
947	-8.2163	38.2121	80	80	100	100
948	-7.7751	35.0331	80	80	100	100
949	-7.1675	35.8929	80	80	100	100
950	-7.3162	31.6499	80	80	100	100
951	-3.8644	35.5135	80	80	100	100
952	-8.7294	30.0555	80	80	100	100
953	-8.2586	33.8684	80	80	100	100
954	-0.7616	47.7125	80	80	100	100
955	-7.1466	47.3850	80	80	100	100
956	-0.2203	59.2507	80	80	100	100
957	-4.5686	69.9775	80	80	100	100
958	-1.3746	75.3350	80	80	100	100
959	-6.4013	96.4900	80	80	100	100
960	-6.6780	92.8259	80	80	100	100
961	-3.0706	91.0621	80	80	100	100
962	-0.9525	96.3135	80	80	100	100
963	-2.7597	93.9041	80	80	100	100
964	-9.2588	95.1314	80	80	100	100
965	-4.3056	98.4646	80	80	100	100
966	-1.2731	98.4543	80	80	100	100
967	-4.7844	91.5901	80	80	100	100
968	-3.3158	90.6060	80	80	100	100
969	-8.2686	92.9465	80	80	100	100
970	-4.0924	108.7123	80	80	100	100
971	-0.6312	106.7744	80	80	100	100
972	-5.0907	104.8466	80	80	100	100
973	-0.4570	101.7967	80	80	100	100
974	-8.8707	100.6588	80	80	100	100
975	-0.4338	107.2802	80	80	100	100
976	-1.1564	107.6960	80	80	100	100
977	-7.3227	103.5366	80	80	100	100
978	-7.3924	109.8224	80	80	100	100
979	-3.4864	103.4808	80	80	100	100
980	-9.9061	103.8983	80	80	100	100
981	-5.4882	115.3812	80	80	100	100
982	-7.1573	110.6546	80	80	100	100
983	-1.8630	117.5053	80	80	100	100
984	-5.7154	116.7066	80	80	100	100
985	-0.7653	117.9631	80	80	100	100
986	-7.0103	112.0110	80	80	100	100
987	-1.0365	113.3119	80	80	100	100
988	-5.3586	115.8536	80	80	100	100
989	-2.5076	126.5842	80	80	100	100
990	-1.2110	129.2326	80	80	100	100
991	-8.9527	122.9723	80	80	100	100
992	-6.7231	125.8265	80	80	100	100
993	-0.9518	132.5918	80	80	100	100
994	-6.7163	136.9038	80	80	100	100
995	-0.3256	146.2745	80	80	100	100
996	-2.5604	152.3197	80	80	100	100
997	-11.1281	-173.0872	80	80	100	100
998	-14.4493	-70.3453	80	80	100	100
999	-12.2829	-74.3565	80	80	100	100
1000	-15.3426	-68.2890	80	80	100	100
1001	-13.8900	-67.8022	80	80	100	100
1002	-15.9575	-55.4999	80	80	100	100
1003	-10.3147	-54.9563	80	80	100	100
1004	-13.9817	-48.2220	80	80	100	100
1005	-13.9040	-42.3932	80	80	100	100
1006	-13.5515	-33.6886	80	80	100	100
1007	-12.3175	-32.0912	80	80	100	100
1008	-12.3104	19.3261	80	80	100	100
1009	-12.4467	19.2691	80	80	100	100
1010	-16.3216	15.8333	80	80	100	100
1011	-12.9559	13.8032	80	80	100	100
1012	-19.0758	27.7384	80	80	100	100
1013	-15.7207	20.5420	80	80	100	100
1014	-12.7453	28.4059	80	80	100	100
1015	-15.0505	23.8070	80	80	100	100
1016	-13.2338	32.5622	80	80	100	100
1017	-12.9962	36.9088	80	80	100	100
1018	-15.5273	31.8860	80	80	100	100
1019	-12.7392	34.6180	80	80	100	100
1020	-16.2927	31.3760	80	80	100	100
1021	-15.7161	34.3654	80	80	100	100
1022	-13.9158	35.8626	80	80	100	100
1023	-16.6180	34.8912	80	80	100	100
1024	-11.9809	46.5426	80	80	100	100
1025	-14.8891	48.1951	80	80	100	100
1026	-14.7087	61.1074	80	80	100	100
1027	-13.2329	79.6343	80	80	100	100
1028	-19.4711	76.5910	80	80	100	100
1029	-16.8537	106.8317	80	80	100	100
1030	-18.2135	114.8240	80	80	100	100
1031	-15.6258	124.3806	80	80	100	100
1032	-15.1840	128.4293	80	80	100	100
1033	-19.5704	139.1204	80	80	100	100
1034	-16.5545	139.5736	80	80	100	100
1035	-17.9459	145.0077	80	80	100	100
1036	-13.6614	141.1628	80	80	100	100
1037	-12.1767	165.8611	80	80	100	100
1038	-11.7086	166.2710	80	80	100	100
1039	-12.3549	177.5101	80	80	100	100
1040	-17.2706	171.9463	80	80	100	100
1041	-25.2898	-160.0445	80	80	100	100
1042	-27.9362	-107.7572	80	80	100	100
1043	-22.9201	-70.2569	80	80	100	100
1044	-28.8547	-76.7493	80	80	100	100
1045	-28.4850	-62.3772	80	80	100	100
1046	-29.0902	-60.9055	80	80	100	100
1047	-28.6478	-53.0304	80	80	100	100
1048	-20.0836	-51.0811	80	80	100	100
1049	-23.9840	-45.8852	80	80	100	100
1050	-27.9092	-45.2809	80	80	100	100
1051	-21.5359	-44.4862	80	80	100	100
1052	-23.7292	11.4909	80	80	100	100
1053	-27.5305	19.8506	80	80	100	100
1054	-24.7023	12.5555	80	80	100	100
1055	-29.8230	17.3199	80	80	100	100
1056	-26.5645	10.2027	80	80	100	100
1057	-26.6272	17.4373	80	80	100	100
1058	-22.7556	17.0854	80	80	100	100
1059	-25.9899	11.4021	80	80	100	100
1060	-20.7217	25.5055	80	80	100	100
1061	-22.9056	28.1806	80	80	100	100
1062	-26.4750	25.3264	80	80	100	100
1063	-24.9090	29.1791	80	80	100	100
1064	-22.4996	27.5161	80	80	100	100
1065	-20.2273	29.0260	80	80	100	100
1066	-25.2444	26.1242	80	80	100	100
1067	-29.2221	22.9133	80	80	100	100
1068	-28.6485	25.4799	80	80	100	100
1069	-25.5451	25.4242	80	80	100	100
1070	-27.6063	29.7924	80	80	100	100
1071	-22.5336	20.2174	80	80	100	100
1072	-26.6186	28.0587	80	80	100	100
1073	-23.4785	28.1440	80	80	100	100
1074	-20.1922	26.8098	80	80	100	100
1075	-21.0230	39.7976	80	80	100	100
1076	-22.8936	32.5662	80	80	100	100
1077	-22.5037	34.3097	80	80	100	100
1078	-25.4884	35.2197	80	80	100	100
1079	-29.2084	44.2423	80	80	100	100
1080	-22.4648	43.4433	80	80	100	100
1081	-21.5474	112.9142	80	80	100	100
1082	-20.3146	114.7688	80	80	100	100
1083	-29.6161	120.0459	80	80	100	100
1084	-23.3349	124.3072	80	80	100	100
1085	-25.8067	133.4387	80	80	100	100
1086	-21.8786	148.2851	80	80	100	100
1087	-23.9014	148.2625	80	80	100	100
1088	-28.6535	150.9965	80	80	100	100
1089	-27.4251	153.6533	80	80	100	100
1090	-21.1739	162.9417	80	80	100	100
1091	-26.6763	163.3155	80	80	100	100
1092	-33.7111	-70.5993	80	80	100	100
1093	-38.6074	-76.0441	80	80	100	100
1094	-36.0251	-68.6493	80	80	100	100
1095	-32.3015	-67.7327	80	80	100	100
1096	-32.6791	-63.7543	80	80	100	100
1097	-35.5155	-50.6328	80	80	100	100
1098	-33.7010	-52.0606	80	80	100	100
1099	-30.7304	-54.2852	80	80	100	100
1100	-36.8274	11.6397	80	80	100	100
1101	-31.2261	16.5519	80	80	100	100
1102	-39.7045	11.9982	80	80	100	100
1103	-39.7510	19.5910	80	80	100	100
1104	-32.7880	19.5745	80	80	100	100
1105	-38.9669	13.9867	80	80	100	100
1106	-31.9797	14.2226	80	80	100	100
1107	-38.1579	10.0431	80	80	100	100
1108	-39.1511	24.7702	80	80	100	100
1109	-37.3853	23.6134	80	80	100	100
1110	-39.0719	28.1264	80	80	100	100
1111	-30.1431	27.2378	80	80	100	100
1112	-38.1373	24.8211	80	80	100	100
1113	-32.4404	24.8380	80	80	100	100
1114	-37.9108	28.2848	80	80	100	100
1115	-36.4383	22.4004	80	80	100	100
1116	-32.9473	28.6841	80	80	100	100
1117	-32.1113	22.6426	80	80	100	100
1118	-31.3308	25.5569	80	80	100	100
1119	-31.9454	22.4149	80	80	100	100
1120	-39.7795	20.2942	80	80	100	100
1121	-38.4756	23.2091	80	80	100	100
1122	-39.0042	20.0559	80	80	100	100
1123	-36.3422	32.1834	80	80	100	100
1124	-37.7849	39.6013	80	80	100	100
1125	-34.2841	116.2587	80	80	100	100
1126	-38.3210	112.5584	80	80	100	100
1127	-37.4009	112.2866	80	80	100	100
1128	-31.6690	116.1512	80	80	100	100
1129	-37.5934	125.8834	80	80	100	100
1130	-34.1390	134.2911	80	80	100	100
1131	-36.0188	145.0756	80	80	100	100
1132	-33.1881	142.3065	80	80	100	100
1133	-31.4798	142.2196	80	80	100	100
1134	-30.9092	141.1323	80	80	100	100
1135	-38.7879	152.2029	80	80	100	100
1136	-38.6895	150.6991	80	80	100	100
1137	-32.2143	172.9853	80	80	100	100
1138	-37.8239	173.2346	80	80	100	100
1139	-31.6121	174.3880	80	80	100	100
1140	-36.7876	173.4956	80	80	100	100
1141	-46.9836	-77.1649	80	80	100	100
1142	-48.8056	-75.9225	80	80	100	100
1143	-43.4727	-61.6732	80	80	100	100
1144	-42.9059	-61.5107	80	80	100	100
1145	-42.7282	-66.1545	80	80	100	100
1146	-49.3790	23.2776	80	80	100	100
1147	-48.6150	24.1567	80	80	100	100
1148	-42.7650	26.4067	80	80	100	100
1149	-47.2181	29.7269	80	80	100	100
1150	-45.1624	67.3073	80	80	100	100
1151	-40.3750	140.4979	80	80	100	100
1152	-44.7727	143.3988	80	80	100	100
1153	-46.2796	167.5222	80	80	100	100
1154	-42.5495	169.3794	80	80	100	100
1155	-45.4646	171.5525	80	80	100	100
1156	-43.1472	175.7337	80	80	100	100
1157	-54.2733	-72.6106	80	80	100	100
1158	-57.4592	-73.3071	80	80	100	100
1159	-54.6000	-63.5282	80	80	100	100
1160	-52.3382	-66.2624	80	80	100	100
1161	-59.4461	-53.5118	80	80	100	100
1162	-59.3536	-26.7745	80	80	100	100
