utIndex	utLat (deg)	utLon (deg)	Av DL (Mbps)	Av UL (Mbps)	Max DL (Mbps)	Max UL (Mbps)
1	71.9321	-107.0116	40	40	100	100
2	70.7790	-108.2726	40	40	100	100
3	70.9041	-86.0277	40	40	100	100
4	79.5824	-84.8130	40	40	100	100
5	79.2696	13.6893	40	40	100	100
6	77.7359	16.7322	40	40	100	100
7	78.8396	16.8496	40	40	100	100
8	79.1877	13.6769	40	40	100	100
9	79.7194	12.7018	40	40	100	100
10	79.4495	15.1441	40	40	100	100
11	70.6660	28.8386	40	40	100	100
12	70.0773	24.8229	40	40	100	100
13	70.7625	22.6693	40	40	100	100
14	60.7231	-161.0408	40	40	100	100
15	67.0711	-160.5737	40	40	100	100
16	63.7905	-158.7695	40	40	100	100
17	63.7270	-153.5643	40	40	100	100
18	63.7654	-159.3157	40	40	100	100
19	62.3574	-148.3938	40	40	100	100
20	65.1143	-138.3857	40	40	100	100
21	60.0593	-116.5196	40	40	100	100
22	61.5416	-95.5478	40	40	100	100
23	60.2736	-77.1205	40	40	100	100
24	69.1653	-27.7227	40	40	100	100
25	64.2294	-17.2749	40	40	100	100
26	60.3207	6.2197	40	40	100	100
27	60.1019	6.7700	40	40	100	100
28	60.9516	13.1317	40	40	100	100
29	65.9443	18.2231	40	40	100	100
30	66.8318	19.8447	40	40	100	100
31	60.1404	16.5465	40	40	100	100
32	60.1163	11.8477	40	40	100	100
33	68.1145	25.0662	40	40	100	100
34	63.1971	25.8477	40	40	100	100
35	66.3752	20.7765	40	40	100	100
36	64.6178	28.0122	40	40	100	100
37	68.2235	29.1242	40	40	100	100
38	59.6566	-160.6235	40	40	100	100
39	59.5141	-158.1487	40	40	100	100
40	57.1437	-156.5161	40	40	100	100
41	57.8809	-157.4696	40	40	100	100
42	59.2093	-156.9850	40	40	100	100
43	56.0041	-130.3167	40	40	100	100
44	55.1204	-101.7122	40	40	100	100
45	51.3107	-88.7322	40	40	100	100
46	50.1756	-89.2889	40	40	100	100
47	55.0103	-89.6728	40	40	100	100
48	56.3187	-89.8499	40	40	100	100
49	53.0094	-70.0100	40	40	100	100
50	53.4807	-71.3534	40	40	100	100
51	51.0926	-78.8628	40	40	100	100
52	50.5253	-78.1213	40	40	100	100
53	51.9457	-70.5084	40	40	100	100
54	55.1367	-77.5338	40	40	100	100
55	57.4201	-72.1250	40	40	100	100
56	57.0098	-73.8545	40	40	100	100
57	53.5473	-59.2851	40	40	100	100
58	53.1011	-0.0290	40	40	100	100
59	53.7460	-2.2160	40	40	100	100
60	51.1748	-0.5412	40	40	100	100
61	50.2640	-5.0963	40	40	100	100
62	57.6333	-5.0893	40	40	100	100
63	52.3408	-2.4508	40	40	100	100
64	52.2347	-9.7518	40	40	100	100
65	50.8172	-2.6866	40	40	100	100
66	55.2483	-2.0842	40	40	100	100
67	55.5811	-3.0485	40	40	100	100
68	53.8865	-6.8979	40	40	100	100
69	51.8607	-0.9447	40	40	100	100
70	52.4383	-1.8815	40	40	100	100
71	58.0175	-5.0205	40	40	100	100
72	57.6667	-3.0593	40	40	100	100
73	53.8609	-6.9028	40	40	100	100
74	53.8127	8.7518	40	40	100	100
75	50.2113	5.3102	40	40	100	100
76	59.0853	8.4644	40	40	100	100
77	59.5018	7.7292	40	40	100	100
78	56.9760	9.8012	40	40	100	100
79	59.4337	8.8055	40	40	100	100
80	51.9596	7.2081	40	40	100	100
81	51.8865	0.2843	40	40	100	100
82	50.5480	7.3547	40	40	100	100
83	59.4326	9.6798	40	40	100	100
84	54.5466	9.5890	40	40	100	100
85	58.8612	8.1333	40	40	100	100
86	50.6059	2.0256	40	40	100	100
87	58.5391	8.5803	40	40	100	100
88	51.5890	8.1349	40	40	100	100
89	53.2857	5.5712	40	40	100	100
90	50.8184	12.2387	40	40	100	100
91	55.7244	13.8209	40	40	100	100
92	52.1873	16.6665	40	40	100	100
93	50.3915	11.3418	40	40	100	100
94	50.7231	11.5097	40	40	100	100
95	53.7370	10.8272	40	40	100	100
96	57.9276	16.0092	40	40	100	100
97	53.6663	13.9014	40	40	100	100
98	59.9864	17.7104	40	40	100	100
99	53.7336	12.4049	40	40	100	100
100	58.4578	13.4088	40	40	100	100
101	52.6265	17.8222	40	40	100	100
102	53.6369	19.6715	40	40	100	100
103	51.2594	11.0611	40	40	100	100
104	51.7227	10.1698	40	40	100	100
105	59.7431	17.2098	40	40	100	100
106	51.8634	20.8811	40	40	100	100
107	49.1239	-124.7858	40	40	100	100
108	44.8564	-120.5257	40	40	100	100
109	42.4805	-123.0130	40	40	100	100
110	44.8323	-123.9044	40	40	100	100
111	49.0544	-124.3626	40	40	100	100
112	41.6938	-120.4093	40	40	100	100
113	48.5767	-123.0101	40	40	100	100
114	49.3611	-122.9875	40	40	100	100
115	40.7138	-121.5769	40	40	100	100
116	49.4378	-126.0786	40	40	100	100
117	43.2355	-122.9891	40	40	100	100
118	49.3004	-122.6153	40	40	100	100
119	46.2460	-123.3324	40	40	100	100
120	41.5446	-122.0657	40	40	100	100
121	44.5321	-121.4771	40	40	100	100
122	43.7258	-122.4659	40	40	100	100
123	40.8307	-117.2703	40	40	100	100
124	43.1346	-118.6709	40	40	100	100
125	48.1348	-118.4253	40	40	100	100
126	41.3697	-115.7323	40	40	100	100
127	42.7613	-118.1524	40	40	100	100
128	49.7168	-119.2845	40	40	100	100
129	42.6446	-118.5790	40	40	100	100
130	48.7945	-108.9314	40	40	100	100
131	40.9251	-107.5172	40	40	100	100
132	48.5764	-106.5992	40	40	100	100
133	42.5334	-104.8904	40	40	100	100
134	42.9299	-97.2948	40	40	100	100
135	43.5417	-95.7685	40	40	100	100
136	44.0655	-95.2041	40	40	100	100
137	45.3276	-91.4001	40	40	100	100
138	43.5230	-83.2344	40	40	100	100
139	48.2557	-81.7156	40	40	100	100
140	44.0115	-86.0878	40	40	100	100
141	43.7491	-80.8113	40	40	100	100
142	41.7779	-76.6194	40	40	100	100
143	40.3197	-75.6372	40	40	100	100
144	47.8302	-72.4595	40	40	100	100
145	49.8489	-73.7324	40	40	100	100
146	44.2399	-71.0546	40	40	100	100
147	47.6985	-76.2807	40	40	100	100
148	41.8398	-79.7595	40	40	100	100
149	46.0638	-79.8945	40	40	100	100
150	43.8431	-79.9782	40	40	100	100
151	46.2441	-76.8632	40	40	100	100
152	45.3934	-74.3163	40	40	100	100
153	43.0463	-71.7133	40	40	100	100
154	40.8567	-79.1399	40	40	100	100
155	44.8165	-77.8276	40	40	100	100
156	42.4973	-71.1787	40	40	100	100
157	47.8526	-71.8033	40	40	100	100
158	47.0175	-71.9932	40	40	100	100
159	47.9698	-75.1015	40	40	100	100
160	44.8454	-79.5398	40	40	100	100
161	45.5217	-72.3214	40	40	100	100
162	42.3172	-78.1423	40	40	100	100
163	42.2482	-77.8983	40	40	100	100
164	43.0979	-74.5407	40	40	100	100
165	40.9469	-75.3355	40	40	100	100
166	44.2529	-64.6937	40	40	100	100
167	46.8502	-69.5983	40	40	100	100
168	46.8269	-65.7613	40	40	100	100
169	48.7867	-66.3410	40	40	100	100
170	47.0735	-68.8955	40	40	100	100
171	44.1085	-65.2296	40	40	100	100
172	48.7264	-65.7526	40	40	100	100
173	45.7100	-67.4393	40	40	100	100
174	49.1198	-57.6395	40	40	100	100
175	40.0015	-4.3968	40	40	100	100
176	40.3225	-8.1791	40	40	100	100
177	45.6715	-0.9603	40	40	100	100
178	41.7640	-6.8399	40	40	100	100
179	42.1035	-2.3418	40	40	100	100
180	43.3264	-3.5857	40	40	100	100
181	43.1707	-2.5895	40	40	100	100
182	49.1660	-0.7985	40	40	100	100
183	42.4382	-8.0617	40	40	100	100
184	47.1523	-1.1499	40	40	100	100
185	42.2802	-6.4020	40	40	100	100
186	47.2068	-0.7888	40	40	100	100
187	40.0117	-2.9142	40	40	100	100
188	41.7483	-1.9148	40	40	100	100
189	42.1367	-5.2189	40	40	100	100
190	40.3487	-6.6295	40	40	100	100
191	42.1855	1.1044	40	40	100	100
192	43.9961	6.3789	40	40	100	100
193	47.3654	3.7607	40	40	100	100
194	45.3158	3.5611	40	40	100	100
195	40.6002	9.3356	40	40	100	100
196	46.8571	0.1687	40	40	100	100
197	48.3630	4.4558	40	40	100	100
198	48.0789	9.7986	40	40	100	100
199	46.0711	0.4358	40	40	100	100
200	49.6896	3.4315	40	40	100	100
201	44.9293	2.6836	40	40	100	100
202	49.3956	3.6679	40	40	100	100
203	48.6030	1.2478	40	40	100	100
204	41.1102	0.0840	40	40	100	100
205	46.2731	5.4796	40	40	100	100
206	49.0701	5.0196	40	40	100	100
207	48.3509	6.3240	40	40	100	100
208	48.6151	8.0160	40	40	100	100
209	48.1017	6.9806	40	40	100	100
210	45.1063	6.9844	40	40	100	100
211	42.6141	0.5688	40	40	100	100
212	49.6449	9.2306	40	40	100	100
213	48.2945	3.2175	40	40	100	100
214	46.3316	9.5869	40	40	100	100
215	48.4161	2.8138	40	40	100	100
216	49.0480	9.0417	40	40	100	100
217	40.5845	8.6583	40	40	100	100
218	47.6902	9.6710	40	40	100	100
219	40.7498	0.4674	40	40	100	100
220	45.4514	5.3602	40	40	100	100
221	44.2325	1.7550	40	40	100	100
222	41.9420	0.8306	40	40	100	100
223	43.4832	2.6619	40	40	100	100
224	42.2541	2.1930	40	40	100	100
225	45.8274	5.2523	40	40	100	100
226	47.7980	5.7892	40	40	100	100
227	44.2308	6.9105	40	40	100	100
228	49.1336	1.8764	40	40	100	100
229	43.2478	0.7479	40	40	100	100
230	44.9989	1.0152	40	40	100	100
231	40.2567	16.3146	40	40	100	100
232	41.1911	19.8179	40	40	100	100
233	46.7021	13.9734	40	40	100	100
234	42.1889	11.8862	40	40	100	100
235	43.6392	17.6751	40	40	100	100
236	43.8546	10.6742	40	40	100	100
237	48.2637	19.3166	40	40	100	100
238	44.0016	17.7328	40	40	100	100
239	46.2027	10.1371	40	40	100	100
240	47.8876	11.9357	40	40	100	100
241	42.9352	11.6662	40	40	100	100
242	46.7287	12.3677	40	40	100	100
243	46.3145	16.9293	40	40	100	100
244	42.0149	14.5368	40	40	100	100
245	48.3850	15.7949	40	40	100	100
246	45.0370	18.5392	40	40	100	100
247	47.7169	15.3740	40	40	100	100
248	49.6374	17.8076	40	40	100	100
249	44.8207	15.5182	40	40	100	100
250	44.9485	13.9672	40	40	100	100
251	45.0339	18.3388	40	40	100	100
252	42.8910	19.4160	40	40	100	100
253	44.1582	10.1063	40	40	100	100
254	42.6586	12.1454	40	40	100	100
255	41.0644	25.5543	40	40	100	100
256	48.6336	28.6322	40	40	100	100
257	44.6145	26.3852	40	40	100	100
258	44.8456	20.1273	40	40	100	100
259	49.0835	22.1683	40	40	100	100
260	49.3990	27.3044	40	40	100	100
261	43.6815	24.4655	40	40	100	100
262	40.7645	20.8234	40	40	100	100
263	41.0375	35.3650	40	40	100	100
264	49.3190	35.6020	40	40	100	100
265	46.5317	38.4782	40	40	100	100
266	48.5652	36.0895	40	40	100	100
267	42.7007	140.9885	40	40	100	100
268	46.7331	142.5064	40	40	100	100
269	49.0984	140.1658	40	40	100	100
270	42.6371	143.3512	40	40	100	100
271	43.6402	141.7142	40	40	100	100
272	43.6598	143.6694	40	40	100	100
273	49.5148	142.2673	40	40	100	100
274	42.7478	142.4989	40	40	100	100
275	44.4109	142.7016	40	40	100	100
276	43.5959	144.1437	40	40	100	100
277	41.7656	140.4579	40	40	100	100
278	42.2739	140.2781	40	40	100	100
279	48.7345	142.7104	40	40	100	100
280	43.9989	141.9403	40	40	100	100
281	43.0957	143.5361	40	40	100	100
282	43.1377	144.7966	40	40	100	100
283	42.6313	142.6172	40	40	100	100
284	40.3933	141.3563	40	40	100	100
285	43.2652	144.8174	40	40	100	100
286	42.9825	142.9968	40	40	100	100
287	48.8190	142.8949	40	40	100	100
288	40.2626	141.8493	40	40	100	100
289	46.6704	141.9396	40	40	100	100
290	42.6900	140.7268	40	40	100	100
291	49.9134	142.9562	40	40	100	100
292	42.5931	142.3465	40	40	100	100
293	47.2791	143.0958	40	40	100	100
294	43.2214	141.7305	40	40	100	100
295	45.0765	142.2033	40	40	100	100
296	49.5139	140.1842	40	40	100	100
297	44.2052	143.1898	40	40	100	100
298	47.3244	142.9424	40	40	100	100
299	41.2369	140.5521	40	40	100	100
300	43.6624	143.6259	40	40	100	100
301	43.8892	143.6643	40	40	100	100
302	49.1798	142.7675	40	40	100	100
303	43.2487	142.0956	40	40	100	100
304	43.2616	143.4356	40	40	100	100
305	42.7637	142.4679	40	40	100	100
306	43.4877	146.1369	40	40	100	100
307	40.1600	141.3015	40	40	100	100
308	42.6422	140.1116	40	40	100	100
309	43.2257	143.2141	40	40	100	100
310	43.3721	142.9085	40	40	100	100
311	36.3198	-120.5723	40	40	100	100
312	38.8474	-120.9837	40	40	100	100
313	39.0154	-122.9649	40	40	100	100
314	37.9232	-121.9631	40	40	100	100
315	39.9859	-123.4268	40	40	100	100
316	39.7870	-120.6605	40	40	100	100
317	38.0506	-120.3521	40	40	100	100
318	37.5547	-121.1352	40	40	100	100
319	36.8247	-121.5050	40	40	100	100
320	39.6967	-122.8023	40	40	100	100
321	36.1861	-121.1177	40	40	100	100
322	39.0724	-121.9381	40	40	100	100
323	37.1029	-120.2206	40	40	100	100
324	35.7259	-120.2395	40	40	100	100
325	38.5693	-121.3769	40	40	100	100
326	36.9558	-120.1740	40	40	100	100
327	35.1660	-120.1573	40	40	100	100
328	35.4633	-120.2517	40	40	100	100
329	38.3886	-122.2064	40	40	100	100
330	39.1365	-121.0077	40	40	100	100
331	35.2583	-120.3963	40	40	100	100
332	36.1543	-121.3572	40	40	100	100
333	38.1400	-120.2407	40	40	100	100
334	35.2256	-118.9958	40	40	100	100
335	37.2902	-118.5841	40	40	100	100
336	35.4589	-113.3964	40	40	100	100
337	31.7582	-113.1778	40	40	100	100
338	38.4482	-105.4302	40	40	100	100
339	32.0809	-102.1885	40	40	100	100
340	36.3438	-108.8354	40	40	100	100
341	31.0164	-108.3120	40	40	100	100
342	35.6423	-90.8885	40	40	100	100
343	30.7230	-98.4233	40	40	100	100
344	31.4786	-96.7222	40	40	100	100
345	31.5589	-97.5301	40	40	100	100
346	33.9740	-82.7901	40	40	100	100
347	34.9015	-82.8358	40	40	100	100
348	39.7356	-76.4173	40	40	100	100
349	38.6757	-79.3954	40	40	100	100
350	36.6786	-79.7555	40	40	100	100
351	35.2887	-77.6906	40	40	100	100
352	37.3132	-79.6961	40	40	100	100
353	35.3796	-79.8113	40	40	100	100
354	37.1134	-76.6074	40	40	100	100
355	38.4964	-79.3315	40	40	100	100
356	32.8101	-0.6576	40	40	100	100
357	38.9046	-4.7226	40	40	100	100
358	39.4767	-1.4797	40	40	100	100
359	37.8022	-7.8744	40	40	100	100
360	33.5956	-5.7680	40	40	100	100
361	37.9534	-7.8540	40	40	100	100
362	31.4836	-4.0882	40	40	100	100
363	39.5091	-6.5001	40	40	100	100
364	32.7047	-1.7408	40	40	100	100
365	34.4691	-5.5614	40	40	100	100
366	30.0529	-0.1996	40	40	100	100
367	31.9587	-6.8253	40	40	100	100
368	39.5044	-1.7710	40	40	100	100
369	32.5559	-7.2315	40	40	100	100
370	34.4032	-6.4056	40	40	100	100
371	30.8108	-5.3136	40	40	100	100
372	30.9304	-3.1375	40	40	100	100
373	39.3919	-0.6562	40	40	100	100
374	32.3097	-7.3386	40	40	100	100
375	32.7959	-4.9425	40	40	100	100
376	33.3566	-7.6412	40	40	100	100
377	37.5143	-3.8894	40	40	100	100
378	37.8353	-6.9026	40	40	100	100
379	35.0758	9.9926	40	40	100	100
380	35.3674	3.7852	40	40	100	100
381	33.7475	0.4624	40	40	100	100
382	35.2396	1.6727	40	40	100	100
383	31.9581	0.8804	40	40	100	100
384	35.0363	4.8504	40	40	100	100
385	31.7293	5.9364	40	40	100	100
386	32.6769	3.2729	40	40	100	100
387	39.5472	16.4596	40	40	100	100
388	30.9120	15.7591	40	40	100	100
389	35.5223	10.1782	40	40	100	100
390	32.3471	13.1233	40	40	100	100
391	36.7982	12.1150	40	40	100	100
392	32.4654	13.9058	40	40	100	100
393	31.3890	10.3707	40	40	100	100
394	32.0429	14.9915	40	40	100	100
395	30.8098	13.8081	40	40	100	100
396	31.9935	14.3512	40	40	100	100
397	37.2339	14.0753	40	40	100	100
398	30.3193	15.7349	40	40	100	100
399	32.1578	13.9592	40	40	100	100
400	37.9790	12.6370	40	40	100	100
401	32.4054	14.6332	40	40	100	100
402	39.0369	28.7062	40	40	100	100
403	36.2336	29.7258	40	40	100	100
404	36.6741	29.5261	40	40	100	100
405	31.7885	20.3512	40	40	100	100
406	30.5625	23.1776	40	40	100	100
407	35.4044	23.6288	40	40	100	100
408	31.5944	23.7628	40	40	100	100
409	36.8149	27.2234	40	40	100	100
410	32.6985	22.0835	40	40	100	100
411	39.2056	20.7297	40	40	100	100
412	39.7411	20.4396	40	40	100	100
413	30.8481	24.9998	40	40	100	100
414	31.5044	23.2142	40	40	100	100
415	32.4125	20.5584	40	40	100	100
416	31.2360	21.1568	40	40	100	100
417	38.5694	28.0629	40	40	100	100
418	38.2498	21.9791	40	40	100	100
419	30.5436	24.9220	40	40	100	100
420	30.7404	24.6096	40	40	100	100
421	32.0666	21.3476	40	40	100	100
422	30.2708	27.6130	40	40	100	100
423	30.2044	20.6903	40	40	100	100
424	37.1165	27.4235	40	40	100	100
425	31.9515	23.6317	40	40	100	100
426	30.1589	23.4848	40	40	100	100
427	39.9567	21.1305	40	40	100	100
428	39.1372	21.6644	40	40	100	100
429	31.7993	22.4422	40	40	100	100
430	38.1409	20.7759	40	40	100	100
431	39.2400	26.1298	40	40	100	100
432	35.0325	33.5508	40	40	100	100
433	34.0240	39.8685	40	40	100	100
434	33.0675	36.9931	40	40	100	100
435	32.8374	37.4043	40	40	100	100
436	33.1449	36.1542	40	40	100	100
437	31.1910	35.0188	40	40	100	100
438	30.4058	33.0409	40	40	100	100
439	36.0569	39.1200	40	40	100	100
440	38.7266	33.5725	40	40	100	100
441	38.1786	31.9481	40	40	100	100
442	34.6737	39.4300	40	40	100	100
443	38.2934	31.7847	40	40	100	100
444	38.8527	30.5403	40	40	100	100
445	37.0955	38.9854	40	40	100	100
446	34.9688	37.4488	40	40	100	100
447	32.6530	36.3834	40	40	100	100
448	34.3238	37.8866	40	40	100	100
449	38.9904	36.0804	40	40	100	100
450	30.7273	34.1043	40	40	100	100
451	39.8151	31.0830	40	40	100	100
452	35.2348	38.8561	40	40	100	100
453	33.1904	36.9667	40	40	100	100
454	30.2991	31.0747	40	40	100	100
455	38.8440	30.4202	40	40	100	100
456	38.8322	39.5364	40	40	100	100
457	39.6116	33.6260	40	40	100	100
458	39.2130	34.4014	40	40	100	100
459	36.3118	47.8816	40	40	100	100
460	34.5052	46.5224	40	40	100	100
461	37.3917	47.4903	40	40	100	100
462	32.8562	48.8480	40	40	100	100
463	36.8012	43.8866	40	40	100	100
464	33.9244	40.4368	40	40	100	100
465	33.9313	49.6149	40	40	100	100
466	34.0643	45.5974	40	40	100	100
467	31.6788	49.3792	40	40	100	100
468	30.6844	44.8747	40	40	100	100
469	36.7469	48.8148	40	40	100	100
470	37.8349	43.5418	40	40	100	100
471	32.7276	45.7405	40	40	100	100
472	37.4126	42.3291	40	40	100	100
473	34.7658	44.6320	40	40	100	100
474	36.4022	55.1657	40	40	100	100
475	33.0976	53.8439	40	40	100	100
476	39.5359	56.9003	40	40	100	100
477	37.8666	58.5106	40	40	100	100
478	36.6568	53.2791	40	40	100	100
479	38.0481	55.1724	40	40	100	100
480	32.9627	56.9378	40	40	100	100
481	39.5203	54.2664	40	40	100	100
482	36.6733	51.4515	40	40	100	100
483	30.0464	50.4300	40	40	100	100
484	31.0404	50.5618	40	40	100	100
485	32.7631	52.8820	40	40	100	100
486	35.9299	69.7619	40	40	100	100
487	34.3106	68.7271	40	40	100	100
488	34.1294	63.8543	40	40	100	100
489	38.9580	66.6011	40	40	100	100
490	32.3356	61.3837	40	40	100	100
491	33.4254	61.2105	40	40	100	100
492	36.8211	68.8450	40	40	100	100
493	38.7024	66.4173	40	40	100	100
494	32.9826	66.6983	40	40	100	100
495	30.1930	62.0655	40	40	100	100
496	31.9810	60.8836	40	40	100	100
497	33.4731	63.7612	40	40	100	100
498	36.5776	126.6961	40	40	100	100
499	31.8340	121.3332	40	40	100	100
500	32.3628	120.6965	40	40	100	100
501	35.7007	126.5717	40	40	100	100
502	35.3994	127.6652	40	40	100	100
503	37.9967	126.0281	40	40	100	100
504	39.0702	126.7256	40	40	100	100
505	38.4574	126.7489	40	40	100	100
506	36.1649	120.0299	40	40	100	100
507	32.0752	121.2110	40	40	100	100
508	39.7161	121.7927	40	40	100	100
509	36.6879	129.3969	40	40	100	100
510	37.2662	121.2671	40	40	100	100
511	33.8229	120.0394	40	40	100	100
512	37.3816	128.6807	40	40	100	100
513	38.6843	126.4250	40	40	100	100
514	37.7941	120.7581	40	40	100	100
515	32.9379	120.2917	40	40	100	100
516	39.1355	127.3954	40	40	100	100
517	32.0063	120.0097	40	40	100	100
518	38.0485	126.4480	40	40	100	100
519	31.7043	120.1900	40	40	100	100
520	39.6845	126.0314	40	40	100	100
521	36.8047	128.8268	40	40	100	100
522	39.4403	121.5537	40	40	100	100
523	39.1451	127.6779	40	40	100	100
524	39.4277	126.5466	40	40	100	100
525	35.2821	126.7099	40	40	100	100
526	34.5539	126.9092	40	40	100	100
527	36.5162	128.3927	40	40	100	100
528	39.8421	126.1258	40	40	100	100
529	37.0457	127.8955	40	40	100	100
530	36.9975	121.3448	40	40	100	100
531	39.1372	126.2266	40	40	100	100
532	36.9687	129.3192	40	40	100	100
533	35.7953	128.9855	40	40	100	100
534	39.3071	121.9857	40	40	100	100
535	35.4157	126.6611	40	40	100	100
536	30.1827	122.1212	40	40	100	100
537	37.0087	128.6262	40	40	100	100
538	38.1338	126.6525	40	40	100	100
539	37.0551	121.7682	40	40	100	100
540	38.0563	127.0042	40	40	100	100
541	36.5274	127.0797	40	40	100	100
542	37.4741	122.0938	40	40	100	100
543	39.0606	126.2705	40	40	100	100
544	35.1584	126.6642	40	40	100	100
545	38.9236	127.5782	40	40	100	100
546	37.8137	125.4794	40	40	100	100
547	37.5191	121.1493	40	40	100	100
548	38.3502	128.2277	40	40	100	100
549	33.4774	120.1035	40	40	100	100
550	30.2584	120.5518	40	40	100	100
551	36.8033	137.6547	40	40	100	100
552	33.2714	130.6113	40	40	100	100
553	33.6692	130.8267	40	40	100	100
554	33.9874	134.0573	40	40	100	100
555	33.7494	135.6891	40	40	100	100
556	35.6338	137.7628	40	40	100	100
557	37.1448	139.6491	40	40	100	100
558	31.7925	130.6982	40	40	100	100
559	37.1129	138.4403	40	40	100	100
560	33.9025	132.7919	40	40	100	100
561	35.5877	135.7197	40	40	100	100
562	36.5049	138.7587	40	40	100	100
563	31.7462	130.4858	40	40	100	100
564	31.6769	131.1868	40	40	100	100
565	32.4275	130.6619	40	40	100	100
566	36.1610	139.1645	40	40	100	100
567	35.2758	138.7331	40	40	100	100
568	34.5111	133.1941	40	40	100	100
569	35.3705	137.2005	40	40	100	100
570	35.5977	136.2129	40	40	100	100
571	34.6207	136.6752	40	40	100	100
572	38.4683	139.7069	40	40	100	100
573	35.8780	139.8617	40	40	100	100
574	37.1949	138.4494	40	40	100	100
575	35.4793	136.9571	40	40	100	100
576	35.1757	135.0678	40	40	100	100
577	36.6295	138.0644	40	40	100	100
578	35.6182	138.2166	40	40	100	100
579	35.8845	139.3193	40	40	100	100
580	35.0608	132.5049	40	40	100	100
581	34.1951	131.0050	40	40	100	100
582	34.2240	132.1419	40	40	100	100
583	37.9011	139.1069	40	40	100	100
584	33.2019	131.1147	40	40	100	100
585	34.9948	139.2555	40	40	100	100
586	35.6637	136.8640	40	40	100	100
587	34.9620	136.3531	40	40	100	100
588	33.2619	130.9974	40	40	100	100
589	36.3579	137.4186	40	40	100	100
590	36.7031	137.4205	40	40	100	100
591	37.5852	138.8599	40	40	100	100
592	36.1881	139.7323	40	40	100	100
593	34.2131	135.8610	40	40	100	100
594	36.1217	137.6569	40	40	100	100
595	37.8419	139.2191	40	40	100	100
596	36.0082	138.6743	40	40	100	100
597	34.9405	133.1673	40	40	100	100
598	36.4721	138.2843	40	40	100	100
599	34.4926	136.0598	40	40	100	100
600	37.4570	140.3914	40	40	100	100
601	39.4577	140.1606	40	40	100	100
602	38.6139	141.4757	40	40	100	100
603	38.5307	141.3008	40	40	100	100
604	35.6391	140.3191	40	40	100	100
605	36.6345	140.5814	40	40	100	100
606	36.0739	140.2894	40	40	100	100
607	38.5819	141.1964	40	40	100	100
608	39.0939	140.9331	40	40	100	100
609	37.3696	140.4829	40	40	100	100
610	36.6240	140.0439	40	40	100	100
611	37.9439	140.7754	40	40	100	100
612	39.9218	141.1366	40	40	100	100
613	38.2105	140.1306	40	40	100	100
614	38.6040	140.1249	40	40	100	100
615	39.0201	141.4666	40	40	100	100
616	39.5132	141.2871	40	40	100	100
617	36.7801	140.1888	40	40	100	100
618	38.5425	140.7561	40	40	100	100
619	38.1000	140.3191	40	40	100	100
620	37.4547	140.8642	40	40	100	100
621	38.8603	140.7105	40	40	100	100
622	39.5034	140.6159	40	40	100	100
623	38.2258	140.6465	40	40	100	100
624	36.6108	140.3055	40	40	100	100
625	39.0294	141.6780	40	40	100	100
626	39.2155	141.7876	40	40	100	100
627	36.6553	140.3854	40	40	100	100
628	37.8018	140.0215	40	40	100	100
629	39.2433	141.0925	40	40	100	100
630	22.2306	-159.4467	40	40	100	100
631	29.7965	-114.8208	40	40	100	100
632	29.8386	-111.2542	40	40	100	100
633	26.9179	-113.5254	40	40	100	100
634	29.8396	-111.9830	40	40	100	100
635	28.7012	-112.6258	40	40	100	100
636	29.8895	-114.5702	40	40	100	100
637	29.8734	-114.9846	40	40	100	100
638	29.1999	-118.3407	40	40	100	100
639	24.3640	-104.4142	40	40	100	100
640	26.2675	-104.0610	40	40	100	100
641	22.9644	-103.1456	40	40	100	100
642	21.1211	-103.5289	40	40	100	100
643	28.9556	-100.7980	40	40	100	100
644	23.8953	-101.1636	40	40	100	100
645	21.1826	-100.5577	40	40	100	100
646	25.4654	-108.2389	40	40	100	100
647	20.9040	-98.1165	40	40	100	100
648	28.8901	-96.5814	40	40	100	100
649	25.3375	-99.0334	40	40	100	100
650	26.2370	-97.8918	40	40	100	100
651	20.7899	-88.7115	40	40	100	100
652	22.8617	-83.2441	40	40	100	100
653	26.4079	-77.0507	40	40	100	100
654	20.3551	-75.7131	40	40	100	100
655	23.9526	-14.9498	40	40	100	100
656	23.0666	-10.4641	40	40	100	100
657	23.2628	-14.2884	40	40	100	100
658	22.2988	-15.1127	40	40	100	100
659	27.1679	-3.4692	40	40	100	100
660	25.5039	-3.2872	40	40	100	100
661	25.5237	-9.4384	40	40	100	100
662	28.2347	-9.9972	40	40	100	100
663	24.8975	7.5228	40	40	100	100
664	26.0661	8.0955	40	40	100	100
665	29.0474	0.8052	40	40	100	100
666	25.3382	5.3975	40	40	100	100
667	22.2247	18.8489	40	40	100	100
668	22.8573	19.6350	40	40	100	100
669	20.3337	17.7851	40	40	100	100
670	29.0651	12.0364	40	40	100	100
671	29.6053	23.7616	40	40	100	100
672	26.7629	26.1849	40	40	100	100
673	22.6483	24.0632	40	40	100	100
674	20.6246	21.5530	40	40	100	100
675	27.4269	29.6190	40	40	100	100
676	25.0469	22.1355	40	40	100	100
677	22.3768	20.9501	40	40	100	100
678	25.2449	20.9204	40	40	100	100
679	27.2977	20.6567	40	40	100	100
680	25.1519	21.7341	40	40	100	100
681	20.5983	24.9177	40	40	100	100
682	25.1003	29.0102	40	40	100	100
683	29.8072	29.4387	40	40	100	100
684	22.2933	26.6739	40	40	100	100
685	25.3634	29.9378	40	40	100	100
686	28.4007	26.0283	40	40	100	100
687	28.1126	27.4045	40	40	100	100
688	20.1183	24.9581	40	40	100	100
689	22.4824	26.4959	40	40	100	100
690	26.0362	22.0329	40	40	100	100
691	20.9977	27.6357	40	40	100	100
692	29.0997	28.6544	40	40	100	100
693	26.6202	20.4196	40	40	100	100
694	24.2231	32.6929	40	40	100	100
695	29.2558	31.9684	40	40	100	100
696	24.1838	33.2898	40	40	100	100
697	22.4140	39.7633	40	40	100	100
698	29.9154	39.4128	40	40	100	100
699	28.0118	38.6717	40	40	100	100
700	28.7133	31.8040	40	40	100	100
701	21.7013	39.8337	40	40	100	100
702	20.0275	30.3334	40	40	100	100
703	28.6406	39.0498	40	40	100	100
704	24.9901	31.2961	40	40	100	100
705	22.0934	32.9772	40	40	100	100
706	29.8974	38.0797	40	40	100	100
707	29.7181	34.0090	40	40	100	100
708	22.4665	31.4613	40	40	100	100
709	22.2499	36.3230	40	40	100	100
710	25.4472	30.0706	40	40	100	100
711	23.3603	31.6380	40	40	100	100
712	29.8736	39.3215	40	40	100	100
713	29.0321	30.6933	40	40	100	100
714	24.8656	32.0361	40	40	100	100
715	28.1263	30.2168	40	40	100	100
716	22.0416	31.0836	40	40	100	100
717	20.0971	36.7034	40	40	100	100
718	26.0345	32.8395	40	40	100	100
719	28.7218	31.7503	40	40	100	100
720	27.2651	39.6891	40	40	100	100
721	22.5119	39.4615	40	40	100	100
722	21.4429	31.3714	40	40	100	100
723	27.5589	38.4016	40	40	100	100
724	27.6604	38.4391	40	40	100	100
725	27.4546	31.8269	40	40	100	100
726	22.1547	34.8480	40	40	100	100
727	27.3350	36.0601	40	40	100	100
728	28.3115	38.7294	40	40	100	100
729	28.4518	34.9997	40	40	100	100
730	26.8191	39.8166	40	40	100	100
731	21.2834	32.5061	40	40	100	100
732	26.7363	47.4873	40	40	100	100
733	20.4195	49.4515	40	40	100	100
734	20.5206	45.4694	40	40	100	100
735	22.3545	45.3745	40	40	100	100
736	21.0342	43.1893	40	40	100	100
737	25.9511	42.5434	40	40	100	100
738	24.2940	45.4879	40	40	100	100
739	25.2801	48.4248	40	40	100	100
740	22.3210	41.3130	40	40	100	100
741	27.1926	48.8714	40	40	100	100
742	20.1786	46.8963	40	40	100	100
743	29.7095	44.3022	40	40	100	100
744	22.6148	44.9717	40	40	100	100
745	27.7456	48.7246	40	40	100	100
746	21.2379	47.4413	40	40	100	100
747	28.0844	48.4589	40	40	100	100
748	28.9398	42.5508	40	40	100	100
749	24.1532	40.4763	40	40	100	100
750	20.6512	49.5948	40	40	100	100
751	23.0883	45.4460	40	40	100	100
752	24.4986	49.3061	40	40	100	100
753	27.1494	48.9379	40	40	100	100
754	25.3795	48.2468	40	40	100	100
755	21.6973	42.8504	40	40	100	100
756	20.0839	49.7645	40	40	100	100
757	20.3695	44.1408	40	40	100	100
758	20.8477	43.0173	40	40	100	100
759	22.4606	54.5779	40	40	100	100
760	23.1030	56.4909	40	40	100	100
761	20.5248	52.5605	40	40	100	100
762	21.2931	55.0160	40	40	100	100
763	22.3947	51.9795	40	40	100	100
764	21.9902	54.3086	40	40	100	100
765	27.7142	53.4108	40	40	100	100
766	27.0966	58.8147	40	40	100	100
767	26.3055	58.2734	40	40	100	100
768	23.3471	57.6358	40	40	100	100
769	22.5646	50.4003	40	40	100	100
770	25.8818	56.0291	40	40	100	100
771	22.0407	51.5319	40	40	100	100
772	28.3648	52.0075	40	40	100	100
773	22.8659	55.9187	40	40	100	100
774	23.3175	55.5497	40	40	100	100
775	26.2461	58.7580	40	40	100	100
776	23.0309	58.9262	40	40	100	100
777	21.8575	50.2672	40	40	100	100
778	23.6324	54.1280	40	40	100	100
779	29.4683	53.5042	40	40	100	100
780	29.7229	57.1772	40	40	100	100
781	28.4648	52.1950	40	40	100	100
782	29.6289	57.5594	40	40	100	100
783	21.7964	54.6217	40	40	100	100
784	29.7770	55.6876	40	40	100	100
785	20.5894	57.5205	40	40	100	100
786	20.4317	57.5885	40	40	100	100
787	29.0894	57.7384	40	40	100	100
788	29.0318	59.1340	40	40	100	100
789	26.7301	61.0770	40	40	100	100
790	29.0844	69.1694	40	40	100	100
791	27.4692	66.4542	40	40	100	100
792	26.5286	68.2904	40	40	100	100
793	24.3281	69.2459	40	40	100	100
794	29.7840	62.3068	40	40	100	100
795	26.7528	69.5816	40	40	100	100
796	27.6200	62.1381	40	40	100	100
797	29.4409	61.2626	40	40	100	100
798	28.7090	63.2712	40	40	100	100
799	24.2977	69.1526	40	40	100	100
800	26.1640	62.1796	40	40	100	100
801	28.9362	62.9245	40	40	100	100
802	25.6028	65.2875	40	40	100	100
803	27.4145	64.4090	40	40	100	100
804	25.9135	67.3180	40	40	100	100
805	28.5014	61.0135	40	40	100	100
806	28.7879	66.2765	40	40	100	100
807	25.6080	64.3720	40	40	100	100
808	26.9526	64.5700	40	40	100	100
809	26.2810	68.1089	40	40	100	100
810	28.2578	65.5760	40	40	100	100
811	26.7705	63.4569	40	40	100	100
812	26.1722	62.3431	40	40	100	100
813	28.9944	64.8486	40	40	100	100
814	27.4849	63.3322	40	40	100	100
815	28.2035	68.3963	40	40	100	100
816	28.6045	67.5668	40	40	100	100
817	28.2671	61.1792	40	40	100	100
818	26.1883	65.1863	40	40	100	100
819	27.5408	71.1066	40	40	100	100
820	25.1223	71.4004	40	40	100	100
821	23.4261	75.8311	40	40	100	100
822	20.9351	74.9895	40	40	100	100
823	24.9118	70.4066	40	40	100	100
824	27.2785	71.3155	40	40	100	100
825	20.7478	78.8943	40	40	100	100
826	23.9032	76.6016	40	40	100	100
827	20.1072	74.3847	40	40	100	100
828	20.2844	75.3596	40	40	100	100
829	22.6251	75.0618	40	40	100	100
830	29.3243	73.4208	40	40	100	100
831	26.0699	79.1920	40	40	100	100
832	23.1630	73.0292	40	40	100	100
833	22.0575	74.9418	40	40	100	100
834	24.8538	72.9804	40	40	100	100
835	25.0029	77.9429	40	40	100	100
836	22.8725	77.6235	40	40	100	100
837	20.6639	76.7699	40	40	100	100
838	28.8336	78.5242	40	40	100	100
839	29.1951	70.6132	40	40	100	100
840	26.1458	75.8945	40	40	100	100
841	22.2385	76.3644	40	40	100	100
842	27.2505	76.6891	40	40	100	100
843	21.4206	77.0268	40	40	100	100
844	23.2863	71.0736	40	40	100	100
845	23.0774	78.1303	40	40	100	100
846	25.8957	78.2593	40	40	100	100
847	25.5635	73.8332	40	40	100	100
848	23.9933	77.6277	40	40	100	100
849	20.4211	79.7150	40	40	100	100
850	25.8411	72.7169	40	40	100	100
851	25.5170	74.4237	40	40	100	100
852	24.1506	74.3227	40	40	100	100
853	22.4371	89.2143	40	40	100	100
854	20.8355	81.6222	40	40	100	100
855	23.9463	88.3779	40	40	100	100
856	21.8918	89.7070	40	40	100	100
857	27.7847	81.3438	40	40	100	100
858	26.1837	87.2428	40	40	100	100
859	21.8065	81.0129	40	40	100	100
860	28.5802	82.5412	40	40	100	100
861	24.6822	85.2232	40	40	100	100
862	23.5504	86.0523	40	40	100	100
863	25.0600	89.9072	40	40	100	100
864	27.7506	86.3513	40	40	100	100
865	23.5007	85.0915	40	40	100	100
866	23.7856	83.8410	40	40	100	100
867	26.2769	82.0429	40	40	100	100
868	27.1262	84.9085	40	40	100	100
869	25.1578	88.5695	40	40	100	100
870	28.8271	81.0891	40	40	100	100
871	20.1917	83.4914	40	40	100	100
872	26.5769	82.9562	40	40	100	100
873	28.7878	80.1841	40	40	100	100
874	27.2990	80.1081	40	40	100	100
875	29.0251	88.5286	40	40	100	100
876	22.4289	87.3846	40	40	100	100
877	28.3258	85.7182	40	40	100	100
878	23.6190	85.0220	40	40	100	100
879	24.5756	87.6418	40	40	100	100
880	26.0769	92.6048	40	40	100	100
881	23.2675	91.1663	40	40	100	100
882	29.2743	93.6169	40	40	100	100
883	23.0593	95.3452	40	40	100	100
884	22.9023	92.5661	40	40	100	100
885	27.0044	93.9782	40	40	100	100
886	29.3239	96.2972	40	40	100	100
887	21.7087	97.6764	40	40	100	100
888	29.9212	121.2808	40	40	100	100
889	23.4377	120.3618	40	40	100	100
890	28.7754	121.0889	40	40	100	100
891	22.7334	121.0089	40	40	100	100
892	27.5070	120.3677	40	40	100	100
893	24.8684	121.6202	40	40	100	100
894	27.5099	120.7353	40	40	100	100
895	28.2922	121.0490	40	40	100	100
896	25.4960	120.0589	40	40	100	100
897	24.0809	120.9012	40	40	100	100
898	27.0365	120.1727	40	40	100	100
899	24.0594	120.8338	40	40	100	100
900	19.4512	-155.3604	40	40	100	100
901	18.5803	-102.6277	40	40	100	100
902	18.2851	-101.5249	40	40	100	100
903	18.5636	-102.4802	40	40	100	100
904	17.6975	-100.0963	40	40	100	100
905	17.7952	-100.4150	40	40	100	100
906	19.7449	-103.9671	40	40	100	100
907	19.9373	-104.3264	40	40	100	100
908	18.6045	-102.0980	40	40	100	100
909	18.3824	-91.7432	40	40	100	100
910	16.8087	-90.2120	40	40	100	100
911	15.5750	-86.8796	40	40	100	100
912	15.3636	-87.9429	40	40	100	100
913	19.3525	-89.1676	40	40	100	100
914	16.0703	-89.8877	40	40	100	100
915	10.5276	-74.2056	40	40	100	100
916	19.5463	-72.6643	40	40	100	100
917	10.6613	-66.3113	40	40	100	100
918	10.3341	-67.5519	40	40	100	100
919	13.7191	-16.5334	40	40	100	100
920	16.9138	-11.7347	40	40	100	100
921	13.4096	-15.1957	40	40	100	100
922	15.3672	-11.7869	40	40	100	100
923	13.9617	-12.9614	40	40	100	100
924	14.7807	-13.1649	40	40	100	100
925	16.7539	-11.9742	40	40	100	100
926	15.9967	-16.3137	40	40	100	100
927	19.0536	-7.3377	40	40	100	100
928	12.9025	-0.0558	40	40	100	100
929	18.8611	-1.7817	40	40	100	100
930	12.4766	-8.1779	40	40	100	100
931	17.3057	2.5401	40	40	100	100
932	10.9213	8.4231	40	40	100	100
933	13.0074	11.0875	40	40	100	100
934	16.1222	14.4586	40	40	100	100
935	19.9040	28.3634	40	40	100	100
936	11.6741	29.2341	40	40	100	100
937	19.7244	23.0006	40	40	100	100
938	13.1893	25.8861	40	40	100	100
939	11.1402	32.1367	40	40	100	100
940	11.7215	36.5186	40	40	100	100
941	17.7675	36.6348	40	40	100	100
942	15.0500	37.6731	40	40	100	100
943	13.6273	37.5709	40	40	100	100
944	10.3775	38.9773	40	40	100	100
945	11.6070	38.3153	40	40	100	100
946	18.6558	31.9321	40	40	100	100
947	14.3355	43.2486	40	40	100	100
948	14.4975	47.4763	40	40	100	100
949	18.8524	47.8238	40	40	100	100
950	15.9314	43.3858	40	40	100	100
951	18.4811	49.3934	40	40	100	100
952	18.3203	40.8968	40	40	100	100
953	10.7075	40.4745	40	40	100	100
954	11.0417	47.7486	40	40	100	100
955	11.0472	49.7221	40	40	100	100
956	15.5142	48.7112	40	40	100	100
957	10.5756	42.9403	40	40	100	100
958	13.7349	46.9449	40	40	100	100
959	13.3641	40.9168	40	40	100	100
960	16.8730	47.6265	40	40	100	100
961	10.3745	49.7574	40	40	100	100
962	16.8545	51.1371	40	40	100	100
963	14.9526	50.2024	40	40	100	100
964	18.6246	53.4732	40	40	100	100
965	16.5410	50.4988	40	40	100	100
966	19.2591	50.2335	40	40	100	100
967	18.8024	50.8070	40	40	100	100
968	16.8682	50.4896	40	40	100	100
969	17.1349	54.3443	40	40	100	100
970	14.8720	74.3136	40	40	100	100
971	17.8398	78.7212	40	40	100	100
972	13.2754	78.5907	40	40	100	100
973	14.2147	79.1957	40	40	100	100
974	14.1187	78.5213	40	40	100	100
975	13.4033	79.0021	40	40	100	100
976	10.7902	78.0002	40	40	100	100
977	15.3648	78.3583	40	40	100	100
978	19.2721	75.6773	40	40	100	100
979	13.1773	78.0896	40	40	100	100
980	11.4968	77.7810	40	40	100	100
981	10.3678	78.0352	40	40	100	100
982	18.9571	74.9461	40	40	100	100
983	17.5831	77.2435	40	40	100	100
984	15.1434	77.4415	40	40	100	100
985	19.8537	75.3278	40	40	100	100
986	10.9906	76.7719	40	40	100	100
987	14.5532	79.2196	40	40	100	100
988	19.3562	73.5472	40	40	100	100
989	17.9141	74.5280	40	40	100	100
990	19.3959	76.7167	40	40	100	100
991	18.3068	75.4462	40	40	100	100
992	11.9438	78.6210	40	40	100	100
993	11.7603	76.2919	40	40	100	100
994	18.4223	79.0051	40	40	100	100
995	15.6275	76.7667	40	40	100	100
996	11.0154	72.3326	40	40	100	100
997	14.2559	77.2476	40	40	100	100
998	19.6105	74.7066	40	40	100	100
999	14.4153	77.2625	40	40	100	100
1000	14.7769	75.4579	40	40	100	100
1001	18.0772	77.8238	40	40	100	100
1002	14.2313	75.2641	40	40	100	100
1003	19.4004	73.0253	40	40	100	100
1004	16.2389	77.3276	40	40	100	100
1005	16.5128	74.8201	40	40	100	100
1006	17.2878	80.9449	40	40	100	100
1007	18.4284	83.4596	40	40	100	100
1008	17.7187	80.9390	40	40	100	100
1009	18.7494	84.0558	40	40	100	100
1010	19.3572	81.6290	40	40	100	100
1011	16.5763	81.3150	40	40	100	100
1012	19.1705	83.5590	40	40	100	100
1013	14.2276	80.1354	40	40	100	100
1014	19.0610	83.5531	40	40	100	100
1015	19.5860	85.0936	40	40	100	100
1016	16.5410	80.7505	40	40	100	100
1017	18.8621	83.8595	40	40	100	100
1018	18.4679	82.2345	40	40	100	100
1019	19.8346	84.1899	40	40	100	100
1020	17.2267	81.2647	40	40	100	100
1021	19.1989	83.3249	40	40	100	100
1022	19.2490	80.0303	40	40	100	100
1023	19.6795	81.3949	40	40	100	100
1024	17.8880	80.4592	40	40	100	100
1025	19.2715	81.7489	40	40	100	100
1026	19.8254	82.8548	40	40	100	100
1027	16.4132	81.6882	40	40	100	100
1028	19.9116	81.1639	40	40	100	100
1029	18.0474	81.5731	40	40	100	100
1030	13.3083	80.3528	40	40	100	100
1031	19.5621	84.1580	40	40	100	100
1032	18.4632	82.8407	40	40	100	100
1033	18.9654	84.7650	40	40	100	100
1034	18.7970	81.7182	40	40	100	100
1035	18.5884	82.1176	40	40	100	100
1036	19.5811	84.1307	40	40	100	100
1037	18.9026	83.1025	40	40	100	100
1038	19.9588	83.5141	40	40	100	100
1039	18.8887	83.5167	40	40	100	100
1040	19.1398	80.5843	40	40	100	100
1041	19.9859	83.4342	40	40	100	100
1042	17.0954	80.3431	40	40	100	100
1043	17.6383	81.6149	40	40	100	100
1044	17.0054	81.8683	40	40	100	100
1045	17.6546	98.3305	40	40	100	100
1046	10.3049	99.2508	40	40	100	100
1047	14.9711	98.3488	40	40	100	100
1048	17.7704	94.8288	40	40	100	100
1049	19.3510	94.3515	40	40	100	100
1050	19.7086	98.8797	40	40	100	100
1051	16.7131	99.5490	40	40	100	100
1052	19.4976	98.7188	40	40	100	100
1053	18.9965	96.0111	40	40	100	100
1054	17.9020	98.1013	40	40	100	100
1055	18.3619	96.8686	40	40	100	100
1056	14.7898	100.9150	40	40	100	100
1057	18.8928	101.9456	40	40	100	100
1058	10.5980	105.2922	40	40	100	100
1059	13.0598	105.3306	40	40	100	100
1060	12.9481	105.4976	40	40	100	100
1061	12.4519	100.0529	40	40	100	100
1062	18.8703	104.9104	40	40	100	100
1063	15.4330	108.1601	40	40	100	100
1064	14.5682	104.6537	40	40	100	100
1065	17.0869	103.7352	40	40	100	100
1066	15.3294	102.7923	40	40	100	100
1067	19.7583	105.6073	40	40	100	100
1068	13.9852	100.5720	40	40	100	100
1069	14.4322	102.6543	40	40	100	100
1070	12.8171	105.6541	40	40	100	100
1071	10.2339	105.7104	40	40	100	100
1072	17.9962	103.3143	40	40	100	100
1073	19.1489	100.3471	40	40	100	100
1074	15.4468	106.2650	40	40	100	100
1075	11.2577	108.3234	40	40	100	100
1076	18.0484	100.7970	40	40	100	100
1077	13.4655	100.0564	40	40	100	100
1078	11.8685	124.8521	40	40	100	100
1079	16.8999	120.8756	40	40	100	100
1080	11.8288	124.4044	40	40	100	100
1081	17.5780	122.1650	40	40	100	100
1082	11.8071	121.8614	40	40	100	100
1083	10.3016	122.9583	40	40	100	100
1084	16.6798	120.7860	40	40	100	100
1085	12.4948	125.1313	40	40	100	100
1086	11.2047	123.6531	40	40	100	100
1087	16.8966	121.4003	40	40	100	100
1088	18.9128	121.1634	40	40	100	100
1089	14.1924	121.4029	40	40	100	100
1090	12.5876	122.1373	40	40	100	100
1091	16.7209	121.8165	40	40	100	100
1092	15.7721	120.1951	40	40	100	100
1093	14.2519	122.8696	40	40	100	100
1094	10.6315	123.9293	40	40	100	100
1095	11.5202	121.8907	40	40	100	100
1096	16.4866	121.1764	40	40	100	100
1097	16.4123	121.0566	40	40	100	100
1098	14.0791	124.1316	40	40	100	100
1099	12.5114	121.2520	40	40	100	100
1100	9.8170	-84.0934	40	40	100	100
1101	8.6616	-80.8632	40	40	100	100
1102	9.0579	-82.2351	40	40	100	100
1103	8.3475	-80.6865	40	40	100	100
1104	7.2410	-70.9288	40	40	100	100
1105	7.4837	-77.2845	40	40	100	100
1106	9.6989	-72.9512	40	40	100	100
1107	1.4070	-77.7426	40	40	100	100
1108	0.8619	-78.9158	40	40	100	100
1109	4.6488	-74.8309	40	40	100	100
1110	5.3167	-71.1561	40	40	100	100
1111	9.3593	-78.1978	40	40	100	100
1112	2.3351	-78.3717	40	40	100	100
1113	2.3035	-70.5712	40	40	100	100
1114	0.8293	-71.9873	40	40	100	100
1115	2.9177	-71.9839	40	40	100	100
1116	9.4646	-71.8660	40	40	100	100
1117	4.6948	-71.0609	40	40	100	100
1118	9.2942	-60.9506	40	40	100	100
1119	7.2819	-60.7861	40	40	100	100
1120	3.2741	-59.7801	40	40	100	100
1121	7.2020	-59.1054	40	40	100	100
1122	1.6536	-52.2385	40	40	100	100
1123	5.2231	-54.0609	40	40	100	100
1124	4.8443	-58.3741	40	40	100	100
1125	1.5423	-57.9425	40	40	100	100
1126	4.2936	-52.1564	40	40	100	100
1127	9.9839	-12.2259	40	40	100	100
1128	8.5169	-11.4829	40	40	100	100
1129	9.4273	-12.2393	40	40	100	100
1130	7.1352	-10.3500	40	40	100	100
1131	9.9478	-7.9663	40	40	100	100
1132	5.6697	-9.4872	40	40	100	100
1133	6.9518	-7.8969	40	40	100	100
1134	8.2462	-1.6398	40	40	100	100
1135	7.8399	-1.1530	40	40	100	100
1136	6.9023	-6.0744	40	40	100	100
1137	6.0677	-3.8044	40	40	100	100
1138	9.6528	6.5122	40	40	100	100
1139	4.5889	5.9772	40	40	100	100
1140	8.7388	2.8071	40	40	100	100
1141	5.9533	6.6712	40	40	100	100
1142	9.6800	2.1554	40	40	100	100
1143	6.2922	8.7341	40	40	100	100
1144	7.1742	6.3053	40	40	100	100
1145	7.1704	12.9421	40	40	100	100
1146	4.3182	15.5781	40	40	100	100
1147	5.8740	15.1520	40	40	100	100
1148	7.2040	14.4379	40	40	100	100
1149	1.8699	12.9996	40	40	100	100
1150	0.0436	15.0928	40	40	100	100
1151	1.9012	17.2667	40	40	100	100
1152	8.0122	11.1606	40	40	100	100
1153	5.0040	16.3692	40	40	100	100
1154	2.1537	14.4456	40	40	100	100
1155	2.7762	12.1633	40	40	100	100
1156	3.0635	10.4637	40	40	100	100
1157	4.2305	14.5006	40	40	100	100
1158	1.0791	17.7489	40	40	100	100
1159	5.1272	24.2366	40	40	100	100
1160	3.9544	22.4235	40	40	100	100
1161	9.8168	36.6579	40	40	100	100
1162	9.3467	38.3196	40	40	100	100
1163	2.5390	36.8242	40	40	100	100
1164	3.4288	31.9796	40	40	100	100
1165	2.1236	38.8333	40	40	100	100
1166	1.8721	36.8454	40	40	100	100
1167	5.1175	36.6473	40	40	100	100
1168	7.8106	43.4546	40	40	100	100
1169	1.0263	41.5389	40	40	100	100
1170	9.7093	77.2273	40	40	100	100
1171	8.0417	79.8225	40	40	100	100
1172	9.2748	76.5919	40	40	100	100
1173	9.5790	78.2116	40	40	100	100
1174	4.4258	73.5978	40	40	100	100
1175	4.2734	73.1248	40	40	100	100
1176	9.8519	77.3983	40	40	100	100
1177	8.9489	76.7246	40	40	100	100
1178	9.5672	79.8263	40	40	100	100
1179	9.8214	77.9801	40	40	100	100
1180	9.3484	79.2538	40	40	100	100
1181	8.1111	79.9820	40	40	100	100
1182	9.1189	79.5190	40	40	100	100
1183	9.9424	76.5663	40	40	100	100
1184	8.6555	77.2400	40	40	100	100
1185	9.2211	77.1772	40	40	100	100
1186	9.4508	76.4058	40	40	100	100
1187	3.5473	73.6678	40	40	100	100
1188	9.1102	78.1838	40	40	100	100
1189	8.8818	77.0960	40	40	100	100
1190	9.6602	78.9528	40	40	100	100
1191	6.0473	73.0500	40	40	100	100
1192	9.7023	76.7963	40	40	100	100
1193	6.6056	72.9947	40	40	100	100
1194	7.3129	79.8999	40	40	100	100
1195	9.8224	76.4209	40	40	100	100
1196	9.9981	78.8206	40	40	100	100
1197	8.6907	81.0279	40	40	100	100
1198	7.8147	81.5450	40	40	100	100
1199	7.1849	80.9695	40	40	100	100
1200	7.1200	81.4630	40	40	100	100
1201	7.1526	81.4552	40	40	100	100
1202	8.1172	80.5147	40	40	100	100
1203	6.6564	81.4841	40	40	100	100
1204	8.0886	80.7016	40	40	100	100
1205	8.7702	80.5822	40	40	100	100
1206	7.5888	81.2235	40	40	100	100
1207	8.0776	80.3870	40	40	100	100
1208	7.6574	80.7625	40	40	100	100
1209	7.1378	80.6649	40	40	100	100
1210	9.2260	80.5013	40	40	100	100
1211	9.2043	80.5636	40	40	100	100
1212	7.3215	80.3219	40	40	100	100
1213	7.3126	81.8980	40	40	100	100
1214	2.1967	99.3490	40	40	100	100
1215	2.8160	99.0308	40	40	100	100
1216	2.5098	98.8966	40	40	100	100
1217	4.7816	97.0532	40	40	100	100
1218	3.0377	99.0329	40	40	100	100
1219	4.0647	96.9101	40	40	100	100
1220	8.4566	99.9309	40	40	100	100
1221	3.0658	98.9926	40	40	100	100
1222	2.5389	97.7255	40	40	100	100
1223	3.9984	98.2283	40	40	100	100
1224	1.5039	99.7752	40	40	100	100
1225	2.2100	98.2337	40	40	100	100
1226	3.9087	96.7866	40	40	100	100
1227	2.1274	99.6421	40	40	100	100
1228	2.3634	99.0614	40	40	100	100
1229	6.2526	99.8857	40	40	100	100
1230	5.0957	97.6152	40	40	100	100
1231	1.4753	99.2699	40	40	100	100
1232	9.1751	99.6676	40	40	100	100
1233	1.3705	97.3111	40	40	100	100
1234	1.1796	99.9747	40	40	100	100
1235	3.5850	97.4317	40	40	100	100
1236	7.6022	98.5909	40	40	100	100
1237	7.3601	99.9778	40	40	100	100
1238	7.4399	99.5473	40	40	100	100
1239	8.6267	99.2010	40	40	100	100
1240	3.3740	98.7543	40	40	100	100
1241	3.1267	97.4730	40	40	100	100
1242	3.1108	98.3601	40	40	100	100
1243	1.4558	99.2299	40	40	100	100
1244	0.1028	101.6688	40	40	100	100
1245	6.6038	100.9822	40	40	100	100
1246	0.0673	103.0737	40	40	100	100
1247	9.2806	105.5812	40	40	100	100
1248	0.3638	109.1464	40	40	100	100
1249	1.8082	103.2099	40	40	100	100
1250	2.8541	103.4187	40	40	100	100
1251	6.2251	100.4976	40	40	100	100
1252	3.9811	102.6308	40	40	100	100
1253	4.0968	102.9634	40	40	100	100
1254	4.9707	102.4031	40	40	100	100
1255	9.7069	106.5034	40	40	100	100
1256	1.1336	101.0381	40	40	100	100
1257	6.7637	100.6775	40	40	100	100
1258	0.5948	109.9877	40	40	100	100
1259	9.3811	104.8351	40	40	100	100
1260	1.4043	109.1108	40	40	100	100
1261	3.2026	106.0215	40	40	100	100
1262	7.7164	100.3817	40	40	100	100
1263	2.7591	108.5391	40	40	100	100
1264	0.7412	109.8204	40	40	100	100
1265	4.7235	101.2703	40	40	100	100
1266	4.6286	102.3744	40	40	100	100
1267	4.9026	103.6661	40	40	100	100
1268	7.8035	100.3137	40	40	100	100
1269	0.6089	101.6875	40	40	100	100
1270	3.8954	108.4752	40	40	100	100
1271	5.8144	100.8249	40	40	100	100
1272	2.3982	103.6479	40	40	100	100
1273	4.0732	108.3042	40	40	100	100
1274	6.4741	100.5080	40	40	100	100
1275	5.0937	101.7347	40	40	100	100
1276	3.8190	103.1701	40	40	100	100
1277	5.6526	100.8926	40	40	100	100
1278	2.3357	100.1500	40	40	100	100
1279	4.0721	114.5898	40	40	100	100
1280	0.8038	112.2237	40	40	100	100
1281	4.4707	114.6052	40	40	100	100
1282	0.4096	110.9764	40	40	100	100
1283	2.8555	115.9647	40	40	100	100
1284	3.2309	115.1549	40	40	100	100
1285	1.9213	117.5684	40	40	100	100
1286	4.1216	113.9203	40	40	100	100
1287	1.7056	114.1442	40	40	100	100
1288	1.2853	111.9566	40	40	100	100
1289	8.8799	117.7826	40	40	100	100
1290	0.0384	117.1378	40	40	100	100
1291	0.8597	112.2894	40	40	100	100
1292	1.7427	116.8841	40	40	100	100
1293	3.3232	114.4808	40	40	100	100
1294	2.3403	114.7316	40	40	100	100
1295	2.8459	115.8005	40	40	100	100
1296	3.0394	115.3854	40	40	100	100
1297	0.2496	115.0238	40	40	100	100
1298	0.3714	113.2414	40	40	100	100
1299	3.2863	115.0049	40	40	100	100
1300	0.7834	115.0231	40	40	100	100
1301	0.9871	114.8137	40	40	100	100
1302	3.8151	113.7597	40	40	100	100
1303	7.9741	123.1825	40	40	100	100
1304	1.1443	128.2044	40	40	100	100
1305	9.5179	123.0968	40	40	100	100
1306	7.6268	125.9441	40	40	100	100
1307	8.9724	125.4789	40	40	100	100
1308	0.5584	120.2192	40	40	100	100
1309	4.8456	127.2462	40	40	100	100
1310	0.4637	120.4123	40	40	100	100
1311	9.1684	125.9025	40	40	100	100
1312	7.3996	123.9759	40	40	100	100
1313	0.6706	128.2192	40	40	100	100
1314	7.4229	122.8278	40	40	100	100
1315	7.9365	123.4065	40	40	100	100
1316	0.8645	124.4318	40	40	100	100
1317	8.6567	125.0801	40	40	100	100
1318	7.7375	125.1148	40	40	100	100
1319	8.0587	125.1096	40	40	100	100
1320	6.8950	124.0720	40	40	100	100
1321	8.6470	123.7789	40	40	100	100
1322	0.7096	128.6906	40	40	100	100
1323	-4.1014	-80.9194	40	40	100	100
1324	-1.8105	-80.1955	40	40	100	100
1325	-5.8566	-80.6703	40	40	100	100
1326	-5.0804	-80.0491	40	40	100	100
1327	-6.0431	-74.4410	40	40	100	100
1328	-6.7750	-76.6712	40	40	100	100
1329	-2.6763	-75.2689	40	40	100	100
1330	-1.8463	-70.9325	40	40	100	100
1331	-0.1986	-75.8498	40	40	100	100
1332	-9.3134	-73.8314	40	40	100	100
1333	-2.2526	-71.6945	40	40	100	100
1334	-6.1730	-69.7558	40	40	100	100
1335	-1.8128	-69.0142	40	40	100	100
1336	-7.7653	-57.4662	40	40	100	100
1337	-7.4967	-56.9444	40	40	100	100
1338	-8.3311	-42.0909	40	40	100	100
1339	-4.2914	-44.6568	40	40	100	100
1340	-1.5973	-47.2618	40	40	100	100
1341	-5.2475	-44.1432	40	40	100	100
1342	-4.3061	-46.3272	40	40	100	100
1343	-9.9086	-46.2910	40	40	100	100
1344	-5.0922	-46.5469	40	40	100	100
1345	-9.5173	-38.1799	40	40	100	100
1346	-8.5616	-39.5114	40	40	100	100
1347	-9.6468	-39.2191	40	40	100	100
1348	-6.3337	-38.0810	40	40	100	100
1349	-1.8510	9.7659	40	40	100	100
1350	-1.4864	9.9278	40	40	100	100
1351	-6.2515	15.6616	40	40	100	100
1352	-5.2002	18.9427	40	40	100	100
1353	-6.2972	12.6865	40	40	100	100
1354	-5.5877	14.6979	40	40	100	100
1355	-3.8083	24.0074	40	40	100	100
1356	-9.0541	22.8529	40	40	100	100
1357	-1.4090	28.9054	40	40	100	100
1358	-7.5163	28.1836	40	40	100	100
1359	-5.8595	31.3749	40	40	100	100
1360	-2.9655	35.6443	40	40	100	100
1361	-6.5657	32.3448	40	40	100	100
1362	-0.6191	36.0210	40	40	100	100
1363	-0.3929	35.3450	40	40	100	100
1364	-5.4501	36.6475	40	40	100	100
1365	-5.2446	37.0085	40	40	100	100
1366	-2.2799	40.0435	40	40	100	100
1367	-0.2441	41.9462	40	40	100	100
1368	-2.4442	99.9962	40	40	100	100
1369	-1.4252	98.9077	40	40	100	100
1370	-1.5801	99.3202	40	40	100	100
1371	-1.4332	99.1506	40	40	100	100
1372	-0.2984	99.9773	40	40	100	100
1373	-1.0816	98.7923	40	40	100	100
1374	-1.2443	98.7092	40	40	100	100
1375	-1.5745	99.1515	40	40	100	100
1376	-0.9554	98.8506	40	40	100	100
1377	-1.4989	98.9828	40	40	100	100
1378	-2.4174	99.9914	40	40	100	100
1379	-1.6720	99.2839	40	40	100	100
1380	-1.6674	99.0715	40	40	100	100
1381	-0.4600	98.6246	40	40	100	100
1382	-1.3926	99.0176	40	40	100	100
1383	-1.6589	99.0301	40	40	100	100
1384	-0.1548	99.8949	40	40	100	100
1385	-1.3132	98.7675	40	40	100	100
1386	-0.1480	99.8992	40	40	100	100
1387	-0.4074	98.5800	40	40	100	100
1388	-2.9739	104.6923	40	40	100	100
1389	-6.1685	107.4521	40	40	100	100
1390	-2.7378	101.9608	40	40	100	100
1391	-2.4176	102.5998	40	40	100	100
1392	-0.1604	100.9677	40	40	100	100
1393	-2.9215	104.7075	40	40	100	100
1394	-1.6014	101.8664	40	40	100	100
1395	-1.4802	104.3870	40	40	100	100
1396	-0.5750	102.7131	40	40	100	100
1397	-0.2856	101.7066	40	40	100	100
1398	-1.7306	102.6385	40	40	100	100
1399	-1.5110	103.3975	40	40	100	100
1400	-6.5305	107.4326	40	40	100	100
1401	-2.5058	103.2007	40	40	100	100
1402	-1.2814	101.1184	40	40	100	100
1403	-3.5235	104.6734	40	40	100	100
1404	-3.1073	102.5112	40	40	100	100
1405	-7.1856	107.9454	40	40	100	100
1406	-1.7541	103.9232	40	40	100	100
1407	-0.5105	102.3227	40	40	100	100
1408	-3.6751	102.6054	40	40	100	100
1409	-2.9814	103.9334	40	40	100	100
1410	-2.3486	106.1013	40	40	100	100
1411	-2.1086	104.9817	40	40	100	100
1412	-3.3637	115.5128	40	40	100	100
1413	-8.5394	116.2198	40	40	100	100
1414	-0.3409	110.2001	40	40	100	100
1415	-1.3690	114.9762	40	40	100	100
1416	-2.6016	119.3639	40	40	100	100
1417	-5.0426	119.9444	40	40	100	100
1418	-0.0459	116.4191	40	40	100	100
1419	-8.0345	110.6230	40	40	100	100
1420	-6.8512	111.7137	40	40	100	100
1421	-0.3220	111.6024	40	40	100	100
1422	-1.6729	111.8713	40	40	100	100
1423	-3.9432	114.8420	40	40	100	100
1424	-3.5013	114.7789	40	40	100	100
1425	-1.5578	113.1961	40	40	100	100
1426	-8.5130	116.1431	40	40	100	100
1427	-0.0037	113.3276	40	40	100	100
1428	-3.0946	114.7388	40	40	100	100
1429	-1.1153	122.3479	40	40	100	100
1430	-9.9852	120.8537	40	40	100	100
1431	-8.2324	125.6560	40	40	100	100
1432	-4.0281	122.1914	40	40	100	100
1433	-2.0246	120.6960	40	40	100	100
1434	-2.6153	121.2547	40	40	100	100
1435	-8.5874	122.3305	40	40	100	100
1436	-3.6968	134.5302	40	40	100	100
1437	-0.3665	130.9015	40	40	100	100
1438	-2.0348	133.4332	40	40	100	100
1439	-4.4020	137.0883	40	40	100	100
1440	-2.4729	138.7427	40	40	100	100
1441	-1.5972	133.1071	40	40	100	100
1442	-8.1222	138.1866	40	40	100	100
1443	-8.1261	142.4523	40	40	100	100
1444	-5.2430	154.6455	40	40	100	100
1445	-10.6906	-74.4682	40	40	100	100
1446	-11.4210	-70.8057	40	40	100	100
1447	-10.9996	-72.1015	40	40	100	100
1448	-13.6630	-74.7145	40	40	100	100
1449	-11.0314	-77.3362	40	40	100	100
1450	-13.2523	-60.8374	40	40	100	100
1451	-16.3220	-65.2508	40	40	100	100
1452	-17.5183	-67.6313	40	40	100	100
1453	-13.5933	-60.5081	40	40	100	100
1454	-19.3569	-61.2670	40	40	100	100
1455	-10.7118	-65.9944	40	40	100	100
1456	-16.0350	-62.1596	40	40	100	100
1457	-15.5399	-66.1719	40	40	100	100
1458	-13.6117	-56.8279	40	40	100	100
1459	-14.3468	-50.4225	40	40	100	100
1460	-19.7000	-46.5323	40	40	100	100
1461	-16.6317	-46.9614	40	40	100	100
1462	-13.6154	-45.2113	40	40	100	100
1463	-10.3473	-44.2752	40	40	100	100
1464	-14.9859	-40.3604	40	40	100	100
1465	-16.9487	-41.2839	40	40	100	100
1466	-17.4127	-49.5795	40	40	100	100
1467	-12.5128	-42.4676	40	40	100	100
1468	-12.2879	-38.8098	40	40	100	100
1469	-11.8011	-38.5006	40	40	100	100
1470	-11.0593	17.8575	40	40	100	100
1471	-14.0537	12.4198	40	40	100	100
1472	-16.0295	19.0344	40	40	100	100
1473	-18.5271	15.2219	40	40	100	100
1474	-16.0469	28.0460	40	40	100	100
1475	-15.8630	22.4766	40	40	100	100
1476	-12.4804	29.7816	40	40	100	100
1477	-13.8909	28.8936	40	40	100	100
1478	-17.6185	34.2002	40	40	100	100
1479	-12.5088	35.6668	40	40	100	100
1480	-13.5481	35.3071	40	40	100	100
1481	-14.7267	31.5268	40	40	100	100
1482	-18.4142	36.3928	40	40	100	100
1483	-11.5145	30.8632	40	40	100	100
1484	-19.8914	31.2121	40	40	100	100
1485	-11.9225	34.0304	40	40	100	100
1486	-17.0665	46.5828	40	40	100	100
1487	-14.5007	48.9996	40	40	100	100
1488	-19.3797	123.4779	40	40	100	100
1489	-15.9348	128.7867	40	40	100	100
1490	-14.2849	125.6843	40	40	100	100
1491	-15.2956	127.0629	40	40	100	100
1492	-19.3872	129.4286	40	40	100	100
1493	-17.9797	124.1913	40	40	100	100
1494	-18.7296	128.4117	40	40	100	100
1495	-17.2824	129.8592	40	40	100	100
1496	-18.8446	133.1444	40	40	100	100
1497	-15.8914	135.7799	40	40	100	100
1498	-13.4292	135.0273	40	40	100	100
1499	-16.8400	137.4340	40	40	100	100
1500	-19.8896	136.4942	40	40	100	100
1501	-13.4426	135.1752	40	40	100	100
1502	-16.3730	131.5438	40	40	100	100
1503	-16.6546	137.1223	40	40	100	100
1504	-15.9853	143.1563	40	40	100	100
1505	-19.5661	140.6635	40	40	100	100
1506	-14.6208	144.5163	40	40	100	100
1507	-14.8330	145.0294	40	40	100	100
1508	-19.3461	140.0160	40	40	100	100
1509	-11.8382	142.4140	40	40	100	100
1510	-10.2270	149.6915	40	40	100	100
1511	-14.7502	144.0076	40	40	100	100
1512	-19.2482	169.6285	40	40	100	100
1513	-17.5166	168.4403	40	40	100	100
1514	-17.8311	178.0922	40	40	100	100
1515	-17.9668	177.2557	40	40	100	100
1516	-28.7978	-70.9523	40	40	100	100
1517	-23.9714	-70.0777	40	40	100	100
1518	-26.6314	-70.2315	40	40	100	100
1519	-27.7968	-70.4096	40	40	100	100
1520	-28.4427	-66.2310	40	40	100	100
1521	-27.2559	-68.4657	40	40	100	100
1522	-26.8583	-68.4744	40	40	100	100
1523	-27.2251	-63.4387	40	40	100	100
1524	-29.3804	-69.9027	40	40	100	100
1525	-29.2252	-64.3410	40	40	100	100
1526	-21.9552	-61.4609	40	40	100	100
1527	-26.3552	-62.9753	40	40	100	100
1528	-28.6730	-63.1840	40	40	100	100
1529	-28.9086	-61.9556	40	40	100	100
1530	-20.0853	-62.6782	40	40	100	100
1531	-25.9146	-68.7630	40	40	100	100
1532	-20.7118	-69.8601	40	40	100	100
1533	-24.5786	-62.5674	40	40	100	100
1534	-20.0632	-60.6268	40	40	100	100
1535	-23.2030	-53.2348	40	40	100	100
1536	-26.0328	-55.5007	40	40	100	100
1537	-26.5539	-58.8052	40	40	100	100
1538	-21.1160	-56.8075	40	40	100	100
1539	-29.1105	-57.3232	40	40	100	100
1540	-25.0122	-55.8695	40	40	100	100
1541	-24.5633	-56.9681	40	40	100	100
1542	-29.2041	-55.9641	40	40	100	100
1543	-28.7412	-50.7057	40	40	100	100
1544	-22.4034	-50.1042	40	40	100	100
1545	-23.3142	-50.3994	40	40	100	100
1546	-29.2702	-52.4253	40	40	100	100
1547	-23.9494	-51.2375	40	40	100	100
1548	-22.5630	-51.3844	40	40	100	100
1549	-29.0996	-54.7999	40	40	100	100
1550	-21.9747	-43.8165	40	40	100	100
1551	-23.7966	-46.8599	40	40	100	100
1552	-20.0680	-44.9189	40	40	100	100
1553	-21.2162	-42.8034	40	40	100	100
1554	-21.6833	-46.2861	40	40	100	100
1555	-20.2277	-40.9671	40	40	100	100
1556	-24.0913	-47.2900	40	40	100	100
1557	-20.9001	-42.5319	40	40	100	100
1558	-22.4951	-48.6071	40	40	100	100
1559	-21.3608	-41.1019	40	40	100	100
1560	-24.4323	-47.2959	40	40	100	100
1561	-20.9307	-49.5168	40	40	100	100
1562	-21.1908	-46.9288	40	40	100	100
1563	-22.2640	-49.4069	40	40	100	100
1564	-22.4689	-47.6150	40	40	100	100
1565	-25.9207	-48.6496	40	40	100	100
1566	-21.6146	-43.9349	40	40	100	100
1567	-23.5616	-46.0538	40	40	100	100
1568	-21.4677	-41.6240	40	40	100	100
1569	-21.9109	-47.6061	40	40	100	100
1570	-23.3450	-47.3012	40	40	100	100
1571	-20.5350	-49.1605	40	40	100	100
1572	-21.0401	-42.2261	40	40	100	100
1573	-26.7873	-49.5216	40	40	100	100
1574	-21.0976	-47.7563	40	40	100	100
1575	-20.2782	-44.0169	40	40	100	100
1576	-20.4238	-49.5933	40	40	100	100
1577	-20.9573	-42.9796	40	40	100	100
1578	-28.6724	-49.7752	40	40	100	100
1579	-21.9801	-44.2372	40	40	100	100
1580	-25.9851	19.7896	40	40	100	100
1581	-24.2541	16.0195	40	40	100	100
1582	-28.8985	17.3373	40	40	100	100
1583	-21.9475	16.2861	40	40	100	100
1584	-24.7291	16.4804	40	40	100	100
1585	-20.5359	14.6091	40	40	100	100
1586	-22.6033	15.9239	40	40	100	100
1587	-27.7535	19.5751	40	40	100	100
1588	-28.4727	27.7217	40	40	100	100
1589	-27.0050	26.5419	40	40	100	100
1590	-25.3572	26.9529	40	40	100	100
1591	-23.9165	23.8089	40	40	100	100
1592	-26.3206	28.1706	40	40	100	100
1593	-20.1480	22.1605	40	40	100	100
1594	-25.2618	21.2538	40	40	100	100
1595	-24.0628	23.0640	40	40	100	100
1596	-21.7153	25.4776	40	40	100	100
1597	-29.4083	20.6380	40	40	100	100
1598	-24.8151	23.6126	40	40	100	100
1599	-22.4309	27.4349	40	40	100	100
1600	-29.0756	26.8068	40	40	100	100
1601	-20.0089	22.9593	40	40	100	100
1602	-24.2946	25.3094	40	40	100	100
1603	-21.7504	30.4693	40	40	100	100
1604	-29.4551	30.9945	40	40	100	100
1605	-22.6247	32.5013	40	40	100	100
1606	-27.9088	30.7759	40	40	100	100
1607	-24.7290	46.0208	40	40	100	100
1608	-21.4333	46.6674	40	40	100	100
1609	-26.7495	116.1970	40	40	100	100
1610	-20.6532	119.0089	40	40	100	100
1611	-28.5712	116.2299	40	40	100	100
1612	-29.0415	119.1593	40	40	100	100
1613	-22.5899	116.6437	40	40	100	100
1614	-28.9561	114.8945	40	40	100	100
1615	-20.7863	116.4770	40	40	100	100
1616	-25.8247	115.4925	40	40	100	100
1617	-26.1055	123.3708	40	40	100	100
1618	-27.9555	125.6648	40	40	100	100
1619	-25.7704	126.7998	40	40	100	100
1620	-25.5503	123.6065	40	40	100	100
1621	-20.5053	120.3413	40	40	100	100
1622	-29.2249	129.5690	40	40	100	100
1623	-29.0472	127.5325	40	40	100	100
1624	-26.6864	128.0731	40	40	100	100
1625	-25.4962	135.1357	40	40	100	100
1626	-26.2469	136.0532	40	40	100	100
1627	-29.6773	141.4357	40	40	100	100
1628	-25.6577	140.8610	40	40	100	100
1629	-28.0872	147.1827	40	40	100	100
1630	-25.6409	143.0538	40	40	100	100
1631	-24.7291	152.0577	40	40	100	100
1632	-24.3115	151.8643	40	40	100	100
1633	-29.8941	152.8025	40	40	100	100
1634	-29.7874	153.2956	40	40	100	100
1635	-25.1965	150.3986	40	40	100	100
1636	-26.7218	151.6780	40	40	100	100
1637	-26.5029	150.0783	40	40	100	100
1638	-26.1020	150.7214	40	40	100	100
1639	-28.0138	151.0276	40	40	100	100
1640	-24.7236	151.1365	40	40	100	100
1641	-25.4533	152.4131	40	40	100	100
1642	-27.5346	151.4125	40	40	100	100
1643	-20.3820	164.2770	40	40	100	100
1644	-21.7751	166.1411	40	40	100	100
1645	-39.3084	-73.1949	40	40	100	100
1646	-35.6204	-71.4459	40	40	100	100
1647	-32.9872	-71.2815	40	40	100	100
1648	-37.7770	-70.8661	40	40	100	100
1649	-37.5312	-72.7958	40	40	100	100
1650	-37.1717	-71.4425	40	40	100	100
1651	-38.3838	-70.7411	40	40	100	100
1652	-37.3865	-72.3627	40	40	100	100
1653	-37.7734	-63.4685	40	40	100	100
1654	-34.0221	-66.4147	40	40	100	100
1655	-31.7370	-60.8032	40	40	100	100
1656	-36.2756	-61.7049	40	40	100	100
1657	-37.9986	-61.8623	40	40	100	100
1658	-33.8489	-69.2434	40	40	100	100
1659	-31.6960	-63.3455	40	40	100	100
1660	-30.5390	-64.4096	40	40	100	100
1661	-38.0339	-63.7732	40	40	100	100
1662	-33.8117	-65.1441	40	40	100	100
1663	-31.5899	-67.4539	40	40	100	100
1664	-38.4451	-62.8407	40	40	100	100
1665	-35.8406	-59.5097	40	40	100	100
1666	-33.3012	-56.0576	40	40	100	100
1667	-34.1852	-55.0118	40	40	100	100
1668	-33.3761	-59.4141	40	40	100	100
1669	-31.1818	-51.8979	40	40	100	100
1670	-37.7601	-59.3845	40	40	100	100
1671	-31.2467	-52.3222	40	40	100	100
1672	-34.6006	-58.3891	40	40	100	100
1673	-33.8856	-55.3952	40	40	100	100
1674	-34.8466	-56.2847	40	40	100	100
1675	-31.8461	-58.6422	40	40	100	100
1676	-30.6154	-56.6884	40	40	100	100
1677	-30.2366	-59.1506	40	40	100	100
1678	-30.2775	-53.1411	40	40	100	100
1679	-33.3575	-56.2080	40	40	100	100
1680	-33.6688	-55.0409	40	40	100	100
1681	-35.5533	-59.1385	40	40	100	100
1682	-33.0257	-55.0138	40	40	100	100
1683	-31.3684	-52.0134	40	40	100	100
1684	-34.0953	-58.3951	40	40	100	100
1685	-32.7910	-53.2408	40	40	100	100
1686	-32.8939	-53.4500	40	40	100	100
1687	-32.0962	-54.8290	40	40	100	100
1688	-33.8266	18.6099	40	40	100	100
1689	-34.0180	19.8143	40	40	100	100
1690	-33.1627	19.6955	40	40	100	100
1691	-31.9784	19.3785	40	40	100	100
1692	-31.9183	19.7859	40	40	100	100
1693	-34.0423	18.9090	40	40	100	100
1694	-30.7423	19.4568	40	40	100	100
1695	-33.0480	19.2782	40	40	100	100
1696	-34.2132	21.9107	40	40	100	100
1697	-33.7177	21.6470	40	40	100	100
1698	-30.3462	28.7744	40	40	100	100
1699	-33.0638	22.7085	40	40	100	100
1700	-30.9172	29.1826	40	40	100	100
1701	-31.8330	22.0190	40	40	100	100
1702	-32.9665	21.2894	40	40	100	100
1703	-31.8683	22.0178	40	40	100	100
1704	-30.6331	28.6012	40	40	100	100
1705	-31.4269	29.6181	40	40	100	100
1706	-32.3873	25.0920	40	40	100	100
1707	-31.6260	21.2758	40	40	100	100
1708	-33.3686	23.4257	40	40	100	100
1709	-32.9395	20.0878	40	40	100	100
1710	-33.5394	23.4897	40	40	100	100
1711	-30.4719	27.9269	40	40	100	100
1712	-32.5053	25.3328	40	40	100	100
1713	-30.5696	29.8934	40	40	100	100
1714	-30.5771	22.6890	40	40	100	100
1715	-30.4575	30.3428	40	40	100	100
1716	-30.4975	30.2202	40	40	100	100
1717	-34.3567	117.3455	40	40	100	100
1718	-34.0506	119.2513	40	40	100	100
1719	-31.4003	116.0132	40	40	100	100
1720	-34.9597	118.1899	40	40	100	100
1721	-30.3499	115.4464	40	40	100	100
1722	-33.3700	115.8808	40	40	100	100
1723	-32.1304	117.2993	40	40	100	100
1724	-31.2957	116.2633	40	40	100	100
1725	-33.0080	116.9639	40	40	100	100
1726	-32.0013	117.0162	40	40	100	100
1727	-34.6254	117.0463	40	40	100	100
1728	-30.3914	117.0407	40	40	100	100
1729	-30.1299	116.7556	40	40	100	100
1730	-30.1733	119.2601	40	40	100	100
1731	-30.4429	119.5870	40	40	100	100
1732	-31.6817	116.6722	40	40	100	100
1733	-31.1372	116.0762	40	40	100	100
1734	-30.7467	115.4802	40	40	100	100
1735	-31.0893	119.6401	40	40	100	100
1736	-33.0708	119.5190	40	40	100	100
1737	-34.6911	118.5151	40	40	100	100
1738	-32.1289	119.9573	40	40	100	100
1739	-32.7105	116.6539	40	40	100	100
1740	-30.7938	115.3698	40	40	100	100
1741	-30.7207	117.9827	40	40	100	100
1742	-30.8340	117.1483	40	40	100	100
1743	-30.8631	117.8954	40	40	100	100
1744	-30.0663	118.3650	40	40	100	100
1745	-33.4842	116.8282	40	40	100	100
1746	-32.2488	117.8862	40	40	100	100
1747	-31.7613	126.3658	40	40	100	100
1748	-30.2279	126.9734	40	40	100	100
1749	-31.4740	128.8139	40	40	100	100
1750	-30.8203	123.9643	40	40	100	100
1751	-34.2505	139.2834	40	40	100	100
1752	-32.7816	138.4845	40	40	100	100
1753	-32.8023	136.0983	40	40	100	100
1754	-30.6828	139.8415	40	40	100	100
1755	-33.0166	144.8842	40	40	100	100
1756	-37.0696	142.1098	40	40	100	100
1757	-30.1992	147.6420	40	40	100	100
1758	-37.1482	142.3190	40	40	100	100
1759	-35.3481	146.0507	40	40	100	100
1760	-30.4004	141.6278	40	40	100	100
1761	-36.4824	146.0844	40	40	100	100
1762	-35.4835	147.2973	40	40	100	100
1763	-31.2863	141.2501	40	40	100	100
1764	-32.1748	145.2801	40	40	100	100
1765	-32.7172	140.9246	40	40	100	100
1766	-32.9436	145.8334	40	40	100	100
1767	-33.0889	148.8458	40	40	100	100
1768	-35.1193	146.0005	40	40	100	100
1769	-30.1953	149.5836	40	40	100	100
1770	-32.2601	145.5507	40	40	100	100
1771	-37.7627	142.1632	40	40	100	100
1772	-31.4215	142.0189	40	40	100	100
1773	-34.0771	141.2136	40	40	100	100
1774	-35.7494	142.7073	40	40	100	100
1775	-33.2152	147.1185	40	40	100	100
1776	-37.7121	141.8221	40	40	100	100
1777	-38.2541	144.1649	40	40	100	100
1778	-31.3430	142.1409	40	40	100	100
1779	-36.2169	148.0061	40	40	100	100
1780	-32.4718	140.9135	40	40	100	100
1781	-30.0894	141.2531	40	40	100	100
1782	-36.3367	148.2333	40	40	100	100
1783	-36.1236	146.5760	40	40	100	100
1784	-36.0304	147.2537	40	40	100	100
1785	-34.6555	150.8212	40	40	100	100
1786	-32.3612	151.0048	40	40	100	100
1787	-32.3085	150.4073	40	40	100	100
1788	-31.8412	151.0134	40	40	100	100
1789	-31.8658	151.7092	40	40	100	100
1790	-33.6934	150.3384	40	40	100	100
1791	-34.0961	151.1823	40	40	100	100
1792	-35.2297	150.4678	40	40	100	100
1793	-32.6587	151.3906	40	40	100	100
1794	-30.4155	153.0898	40	40	100	100
1795	-31.4390	152.4792	40	40	100	100
1796	-32.7120	151.1033	40	40	100	100
1797	-30.7054	150.4567	40	40	100	100
1798	-31.9623	150.2313	40	40	100	100
1799	-32.9863	150.7104	40	40	100	100
1800	-30.0711	150.9626	40	40	100	100
1801	-32.3347	151.1539	40	40	100	100
1802	-36.1829	150.2929	40	40	100	100
1803	-30.6553	152.3713	40	40	100	100
1804	-33.3610	150.7651	40	40	100	100
1805	-30.7856	150.2126	40	40	100	100
1806	-35.5293	150.1766	40	40	100	100
1807	-32.5559	150.8139	40	40	100	100
1808	-38.6156	175.6007	40	40	100	100
1809	-39.8977	175.8178	40	40	100	100
1810	-38.6406	177.4666	40	40	100	100
1811	-38.8783	175.4122	40	40	100	100
1812	-39.0434	175.9293	40	40	100	100
1813	-38.5596	175.1587	40	40	100	100
1814	-38.2055	177.4551	40	40	100	100
1815	-35.4300	174.1376	40	40	100	100
1816	-37.3593	174.9515	40	40	100	100
1817	-38.8454	177.4863	40	40	100	100
1818	-39.7845	175.3913	40	40	100	100
1819	-38.7622	177.5637	40	40	100	100
1820	-38.1311	175.8051	40	40	100	100
1821	-38.7798	176.5346	40	40	100	100
1822	-35.2087	174.3056	40	40	100	100
1823	-39.3584	176.4912	40	40	100	100
1824	-37.5007	177.9976	40	40	100	100
1825	-36.6478	174.6092	40	40	100	100
1826	-38.4497	176.8922	40	40	100	100
1827	-43.0069	-71.8928	40	40	100	100
1828	-41.3219	-70.3922	40	40	100	100
1829	-40.4401	-73.6667	40	40	100	100
1830	-48.6778	-71.7934	40	40	100	100
1831	-41.1910	-70.5184	40	40	100	100
1832	-42.7962	-73.6469	40	40	100	100
1833	-46.0646	-74.1574	40	40	100	100
1834	-46.6551	-72.2114	40	40	100	100
1835	-40.4300	-73.1105	40	40	100	100
1836	-46.8017	-70.2841	40	40	100	100
1837	-45.8077	-73.6680	40	40	100	100
1838	-48.4135	-71.6102	40	40	100	100
1839	-41.0298	-71.6985	40	40	100	100
1840	-47.9078	-70.2358	40	40	100	100
1841	-45.9802	-71.4161	40	40	100	100
1842	-41.3497	-70.9674	40	40	100	100
1843	-41.4596	-67.3808	40	40	100	100
1844	-40.3420	-67.8546	40	40	100	100
1845	-42.0687	-66.9710	40	40	100	100
1846	-49.9875	-69.2429	40	40	100	100
1847	-45.4028	-68.4405	40	40	100	100
1848	-45.6250	-67.3345	40	40	100	100
1849	-43.5631	-66.7663	40	40	100	100
1850	-47.6558	-67.6229	40	40	100	100
1851	-44.4072	-68.7369	40	40	100	100
1852	-48.0660	-67.8154	40	40	100	100
1853	-41.7620	-65.2526	40	40	100	100
1854	-43.1621	-68.9959	40	40	100	100
1855	-48.5082	-69.9070	40	40	100	100
1856	-43.9294	-65.5049	40	40	100	100
1857	-47.7757	-67.4490	40	40	100	100
1858	-43.4184	-67.1418	40	40	100	100
1859	-42.0056	-67.6224	40	40	100	100
1860	-45.8035	-68.0454	40	40	100	100
1861	-41.7317	-67.9809	40	40	100	100
1862	-44.6047	-65.8610	40	40	100	100
1863	-43.1649	-68.6187	40	40	100	100
1864	-47.3613	-69.0933	40	40	100	100
1865	-44.3643	-68.0926	40	40	100	100
1866	-43.6914	-65.4078	40	40	100	100
1867	-42.6234	145.8787	40	40	100	100
1868	-41.3878	145.6120	40	40	100	100
1869	-42.5760	146.5420	40	40	100	100
1870	-42.0547	146.8911	40	40	100	100
1871	-42.3019	147.8718	40	40	100	100
1872	-42.3278	146.3232	40	40	100	100
1873	-41.8271	146.8780	40	40	100	100
1874	-43.1086	146.2257	40	40	100	100
1875	-42.3316	147.3082	40	40	100	100
1876	-43.3805	146.2823	40	40	100	100
1877	-41.2101	145.9855	40	40	100	100
1878	-42.3362	145.6332	40	40	100	100
1879	-42.3722	147.9167	40	40	100	100
1880	-41.5210	146.6819	40	40	100	100
1881	-41.5752	146.7121	40	40	100	100
1882	-41.4389	146.2276	40	40	100	100
1883	-45.8583	167.8996	40	40	100	100
1884	-43.9353	169.7807	40	40	100	100
1885	-44.0530	169.8620	40	40	100	100
1886	-46.6711	167.8948	40	40	100	100
1887	-45.1437	169.1752	40	40	100	100
1888	-44.7171	168.6299	40	40	100	100
1889	-44.1266	168.6028	40	40	100	100
1890	-45.8057	169.2821	40	40	100	100
1891	-45.3161	167.2557	40	40	100	100
1892	-46.0021	169.0619	40	40	100	100
1893	-44.7242	169.8437	40	40	100	100
1894	-45.6090	166.5424	40	40	100	100
1895	-45.4330	169.5995	40	40	100	100
1896	-45.6077	169.8846	40	40	100	100
1897	-45.9333	169.6405	40	40	100	100
1898	-46.3358	168.8425	40	40	100	100
1899	-46.9980	167.9966	40	40	100	100
1900	-46.2084	169.1594	40	40	100	100
1901	-44.3371	168.5602	40	40	100	100
1902	-45.3960	169.3570	40	40	100	100
1903	-42.3633	172.6042	40	40	100	100
1904	-45.3277	170.3350	40	40	100	100
1905	-43.6372	170.8427	40	40	100	100
1906	-43.5985	172.3086	40	40	100	100
1907	-41.4944	172.3619	40	40	100	100
1908	-41.3134	172.5650	40	40	100	100
1909	-41.0273	172.9441	40	40	100	100
1910	-40.3418	176.0242	40	40	100	100
1911	-41.0909	172.4520	40	40	100	100
1912	-42.9831	172.6343	40	40	100	100
1913	-45.3558	170.4916	40	40	100	100
1914	-43.0431	171.5438	40	40	100	100
1915	-53.8846	-70.6134	40	40	100	100
1916	-50.2319	-73.5791	40	40	100	100
1917	-54.6339	-66.1362	40	40	100	100
1918	-53.8470	-69.1742	40	40	100	100