utIndex	utLat (deg)	utLon (deg)	Av DL (Mbps)	Av UL (Mbps)	Max DL (Mbps)	Max UL (Mbps)
1	88.7439	-118.0231	40	20	100	40
2	80.8534	-113.9591	40	20	100	40
3	84.3701	14.3991	40	20	100	40
4	84.7765	15.4119	40	20	100	40
5	73.4666	-169.4262	40	20	100	40
6	72.8115	-167.3226	40	20	100	40
7	71.6748	-155.3343	40	20	100	40
8	74.0128	-157.4893	40	20	100	40
9	78.5128	-87.3271	40	20	100	40
10	77.6669	-84.4807	40	20	100	40
11	71.2840	-88.4796	40	20	100	40
12	75.5053	-77.8570	40	20	100	40
13	72.2578	-70.3133	40	20	100	40
14	74.1018	-75.8046	40	20	100	40
15	75.4415	3.0570	40	20	100	40
16	79.9855	9.2673	40	20	100	40
17	74.8240	18.7574	40	20	100	40
18	78.2343	15.7212	40	20	100	40
19	73.6953	28.1225	40	20	100	40
20	78.6210	22.7211	40	20	100	40
21	75.3410	28.7702	40	20	100	40
22	73.2759	24.0776	40	20	100	40
23	76.5964	21.7470	40	20	100	40
24	75.6877	25.7533	40	20	100	40
25	70.6816	32.3917	40	20	100	40
26	79.4210	38.4735	40	20	100	40
27	77.9740	34.4367	40	20	100	40
28	73.3006	34.9426	40	20	100	40
29	71.8479	39.6438	40	20	100	40
30	72.2677	160.8745	40	20	100	40
31	72.4134	166.9452	40	20	100	40
32	73.2193	169.7487	40	20	100	40
33	73.8921	162.3127	40	20	100	40
34	76.9253	173.2994	40	20	100	40
35	77.7736	175.5943	40	20	100	40
36	63.4638	-171.1477	40	20	100	40
37	60.3019	-174.8149	40	20	100	40
38	63.3646	-176.4782	40	20	100	40
39	63.6349	-176.0546	40	20	100	40
40	64.5565	-175.5222	40	20	100	40
41	63.3209	-167.9656	40	20	100	40
42	69.4500	-169.6878	40	20	100	40
43	64.5184	-165.0234	40	20	100	40
44	60.1424	-145.5755	40	20	100	40
45	60.0705	-144.2782	40	20	100	40
46	60.9386	-149.2968	40	20	100	40
47	60.7849	-147.6871	40	20	100	40
48	60.1525	-99.1770	40	20	100	40
49	64.2258	-95.8021	40	20	100	40
50	64.4280	-98.5913	40	20	100	40
51	69.6010	-91.1163	40	20	100	40
52	68.7265	-99.2308	40	20	100	40
53	69.2287	-84.9311	40	20	100	40
54	69.7066	-86.1797	40	20	100	40
55	63.8476	-79.4940	40	20	100	40
56	68.9085	-78.1221	40	20	100	40
57	63.3825	-78.1815	40	20	100	40
58	65.9803	-62.4853	40	20	100	40
59	68.9660	-67.3722	40	20	100	40
60	60.7522	-69.6111	40	20	100	40
61	64.9441	-56.3800	40	20	100	40
62	64.1532	-59.5876	40	20	100	40
63	60.0790	-48.2198	40	20	100	40
64	60.2825	-49.4822	40	20	100	40
65	61.6517	-38.9340	40	20	100	40
66	62.3623	-37.2228	40	20	100	40
67	63.5721	-27.3012	40	20	100	40
68	65.5567	-25.4196	40	20	100	40
69	68.7867	-26.1733	40	20	100	40
70	68.3147	-22.9422	40	20	100	40
71	60.9449	-28.3978	40	20	100	40
72	66.7225	-27.6396	40	20	100	40
73	63.3107	-17.5456	40	20	100	40
74	69.7045	-19.3167	40	20	100	40
75	62.5202	-12.7762	40	20	100	40
76	69.7368	-3.4100	40	20	100	40
77	67.8498	-0.6244	40	20	100	40
78	67.2178	-3.1958	40	20	100	40
79	66.7948	-2.7027	40	20	100	40
80	65.1401	-7.7579	40	20	100	40
81	64.3776	-1.4664	40	20	100	40
82	61.4611	0.5275	40	20	100	40
83	64.3829	0.7723	40	20	100	40
84	66.3982	0.0874	40	20	100	40
85	63.5492	5.5209	40	20	100	40
86	67.9905	0.2620	40	20	100	40
87	65.4961	1.0874	40	20	100	40
88	64.5628	5.1197	40	20	100	40
89	69.0610	8.5903	40	20	100	40
90	68.3149	1.2093	40	20	100	40
91	61.5881	1.1017	40	20	100	40
92	66.7215	9.6572	40	20	100	40
93	68.5567	4.9675	40	20	100	40
94	60.3084	5.1052	40	20	100	40
95	67.6662	9.4870	40	20	100	40
96	62.8019	2.4461	40	20	100	40
97	61.2235	3.4283	40	20	100	40
98	69.6558	3.0952	40	20	100	40
99	65.8301	10.1270	40	20	100	40
100	61.2358	19.3352	40	20	100	40
101	61.4062	19.1104	40	20	100	40
102	68.3371	13.8376	40	20	100	40
103	69.8355	16.8512	40	20	100	40
104	60.5010	18.8092	40	20	100	40
105	69.2049	10.2977	40	20	100	40
106	62.7623	19.6175	40	20	100	40
107	66.8903	10.0468	40	20	100	40
108	69.3896	15.4589	40	20	100	40
109	61.3884	18.6174	40	20	100	40
110	69.6070	11.2403	40	20	100	40
111	65.4927	12.6280	40	20	100	40
112	67.7668	11.9508	40	20	100	40
113	66.7880	11.6473	40	20	100	40
114	64.7919	23.1614	40	20	100	40
115	60.2911	21.5628	40	20	100	40
116	63.1356	27.1365	40	20	100	40
117	62.5727	27.8547	40	20	100	40
118	65.2606	24.4573	40	20	100	40
119	60.2740	25.5233	40	20	100	40
120	61.4568	20.8809	40	20	100	40
121	64.0203	20.9466	40	20	100	40
122	62.0043	20.6870	40	20	100	40
123	65.8795	24.2007	40	20	100	40
124	65.0499	22.1867	40	20	100	40
125	63.0574	21.3100	40	20	100	40
126	64.3354	23.5224	40	20	100	40
127	69.9654	21.0247	40	20	100	40
128	64.4466	22.2649	40	20	100	40
129	60.0537	27.6461	40	20	100	40
130	63.3108	21.5955	40	20	100	40
131	69.7761	29.6353	40	20	100	40
132	60.3914	20.8363	40	20	100	40
133	63.8790	21.7891	40	20	100	40
134	65.2816	22.2123	40	20	100	40
135	65.3939	25.3606	40	20	100	40
136	62.3236	20.5830	40	20	100	40
137	62.5027	27.9155	40	20	100	40
138	69.6403	20.0466	40	20	100	40
139	64.6313	23.8852	40	20	100	40
140	61.6281	25.6524	40	20	100	40
141	63.3495	20.8745	40	20	100	40
142	65.0717	24.6417	40	20	100	40
143	58.1796	-178.6145	40	20	100	40
144	58.1383	-178.3552	40	20	100	40
145	52.4810	-170.7570	40	20	100	40
146	53.9070	-171.1059	40	20	100	40
147	52.9754	-169.1702	40	20	100	40
148	51.5177	-161.3185	40	20	100	40
149	59.2840	-164.8744	40	20	100	40
150	54.6604	-167.8609	40	20	100	40
151	58.2439	-153.1789	40	20	100	40
152	54.0194	-150.9387	40	20	100	40
153	55.0388	-158.5431	40	20	100	40
154	58.0604	-158.1837	40	20	100	40
155	53.9505	-153.7463	40	20	100	40
156	54.3362	-157.1436	40	20	100	40
157	50.5992	-141.3999	40	20	100	40
158	54.2972	-149.4130	40	20	100	40
159	57.8824	-149.5817	40	20	100	40
160	58.0085	-139.7596	40	20	100	40
161	57.0352	-136.9397	40	20	100	40
162	58.2693	-139.6900	40	20	100	40
163	50.1951	-130.7311	40	20	100	40
164	55.3364	-79.6688	40	20	100	40
165	58.9720	-66.7529	40	20	100	40
166	59.5461	-66.2454	40	20	100	40
167	59.2095	-66.4062	40	20	100	40
168	57.4933	-61.7133	40	20	100	40
169	50.7862	-51.4012	40	20	100	40
170	50.9397	-47.9020	40	20	100	40
171	58.2947	-46.7347	40	20	100	40
172	52.4012	-32.1575	40	20	100	40
173	53.7644	-23.9993	40	20	100	40
174	57.1777	-23.3939	40	20	100	40
175	50.7228	-11.0612	40	20	100	40
176	53.0594	-17.4029	40	20	100	40
177	51.4196	-11.7487	40	20	100	40
178	50.2644	-18.0892	40	20	100	40
179	57.4980	-8.0566	40	20	100	40
180	53.3956	-5.7580	40	20	100	40
181	55.3689	-9.3513	40	20	100	40
182	55.4625	-9.3787	40	20	100	40
183	54.7912	-1.1769	40	20	100	40
184	54.6722	-5.2724	40	20	100	40
185	55.3759	-8.7956	40	20	100	40
186	51.4982	-6.0637	40	20	100	40
187	58.9954	-7.5374	40	20	100	40
188	54.4782	-0.2319	40	20	100	40
189	56.9021	-1.6680	40	20	100	40
190	58.8549	-3.5281	40	20	100	40
191	53.0048	-5.9171	40	20	100	40
192	51.1987	-6.9078	40	20	100	40
193	56.0125	-9.4066	40	20	100	40
194	59.2006	-1.2727	40	20	100	40
195	58.7490	-6.0206	40	20	100	40
196	58.1091	-1.0877	40	20	100	40
197	59.2646	-0.0094	40	20	100	40
198	59.5841	-4.9788	40	20	100	40
199	58.6399	-6.2065	40	20	100	40
200	51.0178	-8.2829	40	20	100	40
201	59.0571	-2.5290	40	20	100	40
202	58.0420	-1.0583	40	20	100	40
203	59.7047	0.2991	40	20	100	40
204	54.4722	4.7973	40	20	100	40
205	58.3827	9.9764	40	20	100	40
206	57.0903	2.4037	40	20	100	40
207	59.5996	5.5391	40	20	100	40
208	56.1915	0.4307	40	20	100	40
209	56.6900	6.1634	40	20	100	40
210	57.8162	7.8495	40	20	100	40
211	56.7768	5.2178	40	20	100	40
212	52.5733	3.1365	40	20	100	40
213	56.1561	3.9947	40	20	100	40
214	59.0902	1.3914	40	20	100	40
215	53.4607	4.6949	40	20	100	40
216	52.9012	2.8185	40	20	100	40
217	51.9961	2.5196	40	20	100	40
218	54.6543	0.8477	40	20	100	40
219	52.5555	5.2816	40	20	100	40
220	55.3060	7.3063	40	20	100	40
221	55.3482	3.0718	40	20	100	40
222	58.1260	4.9269	40	20	100	40
223	54.1610	7.2271	40	20	100	40
224	56.1883	4.8145	40	20	100	40
225	53.7338	0.3232	40	20	100	40
226	59.5299	3.4505	40	20	100	40
227	57.9634	4.1458	40	20	100	40
228	57.9231	7.5386	40	20	100	40
229	55.3082	4.9842	40	20	100	40
230	57.0168	9.9402	40	20	100	40
231	58.0737	9.4973	40	20	100	40
232	55.3932	6.0241	40	20	100	40
233	58.9210	3.2286	40	20	100	40
234	59.4448	5.5298	40	20	100	40
235	59.2640	3.6854	40	20	100	40
236	51.4226	3.3554	40	20	100	40
237	55.7788	6.6060	40	20	100	40
238	56.8940	7.9517	40	20	100	40
239	50.0476	1.2372	40	20	100	40
240	59.0654	0.1230	40	20	100	40
241	57.2480	3.5935	40	20	100	40
242	56.7793	1.8409	40	20	100	40
243	53.2239	2.5943	40	20	100	40
244	55.3410	5.0569	40	20	100	40
245	57.1866	3.5011	40	20	100	40
246	56.1381	0.9713	40	20	100	40
247	55.5596	5.1813	40	20	100	40
248	58.4027	1.7368	40	20	100	40
249	59.2241	6.0834	40	20	100	40
250	53.5695	6.6009	40	20	100	40
251	51.3743	2.5719	40	20	100	40
252	51.1913	1.7086	40	20	100	40
253	59.2776	1.7382	40	20	100	40
254	54.3832	3.8833	40	20	100	40
255	53.9783	3.4089	40	20	100	40
256	54.8325	6.3084	40	20	100	40
257	54.0844	5.7972	40	20	100	40
258	59.4865	0.9209	40	20	100	40
259	57.8392	3.0491	40	20	100	40
260	54.8628	8.5809	40	20	100	40
261	57.1574	4.1706	40	20	100	40
262	52.9753	1.3330	40	20	100	40
263	55.0271	14.2778	40	20	100	40
264	54.5081	15.0568	40	20	100	40
265	58.1161	17.4306	40	20	100	40
266	54.3789	13.1354	40	20	100	40
267	59.3310	19.9183	40	20	100	40
268	54.9956	17.8375	40	20	100	40
269	55.0175	11.6721	40	20	100	40
270	57.3445	18.7747	40	20	100	40
271	57.3762	17.2277	40	20	100	40
272	55.0231	16.3112	40	20	100	40
273	56.7704	17.3399	40	20	100	40
274	55.8436	15.7961	40	20	100	40
275	54.8281	14.7447	40	20	100	40
276	57.8421	17.1869	40	20	100	40
277	55.8972	12.7424	40	20	100	40
278	54.5260	14.1167	40	20	100	40
279	57.2462	19.2935	40	20	100	40
280	54.8038	15.7555	40	20	100	40
281	56.8483	17.2439	40	20	100	40
282	55.2699	17.8823	40	20	100	40
283	55.5101	12.3790	40	20	100	40
284	54.6941	18.9102	40	20	100	40
285	59.0644	17.6987	40	20	100	40
286	57.6958	10.5306	40	20	100	40
287	55.4699	19.8605	40	20	100	40
288	57.6744	10.8771	40	20	100	40
289	55.4305	15.0728	40	20	100	40
290	56.2774	19.3721	40	20	100	40
291	57.6856	16.9138	40	20	100	40
292	56.6601	19.6139	40	20	100	40
293	54.8672	14.6746	40	20	100	40
294	56.3081	17.1155	40	20	100	40
295	58.2366	20.9495	40	20	100	40
296	57.8233	22.9557	40	20	100	40
297	59.7914	21.7957	40	20	100	40
298	57.7077	20.7040	40	20	100	40
299	57.6147	22.7403	40	20	100	40
300	58.1789	23.5143	40	20	100	40
301	59.1173	20.8356	40	20	100	40
302	57.1755	21.4393	40	20	100	40
303	58.8057	23.4069	40	20	100	40
304	55.0814	20.8673	40	20	100	40
305	59.9374	24.5063	40	20	100	40
306	58.3379	23.6492	40	20	100	40
307	55.7580	20.3320	40	20	100	40
308	58.4796	21.0230	40	20	100	40
309	58.8866	20.2407	40	20	100	40
310	58.0936	24.3337	40	20	100	40
311	56.5397	20.4677	40	20	100	40
312	57.6815	24.0954	40	20	100	40
313	59.1384	20.4451	40	20	100	40
314	59.5150	23.7094	40	20	100	40
315	55.0152	146.0527	40	20	100	40
316	55.2341	148.6957	40	20	100	40
317	53.0364	141.4777	40	20	100	40
318	54.0571	146.1486	40	20	100	40
319	51.8327	152.4921	40	20	100	40
320	53.5696	153.3946	40	20	100	40
321	55.5458	152.6020	40	20	100	40
322	55.1075	154.7543	40	20	100	40
323	52.8301	162.8787	40	20	100	40
324	58.0134	162.0868	40	20	100	40
325	53.3214	162.3634	40	20	100	40
326	59.8149	177.7215	40	20	100	40
327	52.1470	177.9025	40	20	100	40
328	46.5388	-174.7012	40	20	100	40
329	41.2422	-178.4150	40	20	100	40
330	47.5208	-174.4509	40	20	100	40
331	48.7973	-167.3063	40	20	100	40
332	47.4534	-164.8884	40	20	100	40
333	46.8511	-162.2708	40	20	100	40
334	44.9002	-159.8076	40	20	100	40
335	43.0143	-153.8456	40	20	100	40
336	47.6970	-145.5311	40	20	100	40
337	44.3555	-135.8113	40	20	100	40
338	42.9387	-139.7049	40	20	100	40
339	40.3410	-139.3968	40	20	100	40
340	45.8562	-128.1876	40	20	100	40
341	43.3324	-128.3493	40	20	100	40
342	44.2316	-125.6328	40	20	100	40
343	47.6485	-129.6435	40	20	100	40
344	42.3229	-129.2708	40	20	100	40
345	43.8203	-126.0572	40	20	100	40
346	49.1392	-127.8568	40	20	100	40
347	49.2742	-127.5181	40	20	100	40
348	46.9676	-90.2019	40	20	100	40
349	44.6728	-80.2863	40	20	100	40
350	49.8042	-88.2940	40	20	100	40
351	48.4335	-87.9409	40	20	100	40
352	45.2943	-87.2422	40	20	100	40
353	41.0826	-70.3122	40	20	100	40
354	43.6050	-76.2522	40	20	100	40
355	44.1738	-77.3486	40	20	100	40
356	40.9789	-71.8779	40	20	100	40
357	43.8541	-70.0300	40	20	100	40
358	42.8621	-70.5995	40	20	100	40
359	42.7419	-79.1650	40	20	100	40
360	41.4228	-64.7832	40	20	100	40
361	48.8806	-60.4114	40	20	100	40
362	44.9058	-66.5955	40	20	100	40
363	42.8580	-60.9440	40	20	100	40
364	48.1134	-65.7513	40	20	100	40
365	44.8860	-58.0627	40	20	100	40
366	45.7197	-56.2593	40	20	100	40
367	45.2567	-51.2702	40	20	100	40
368	45.2105	-56.8647	40	20	100	40
369	43.7566	-42.1195	40	20	100	40
370	44.9626	-40.0084	40	20	100	40
371	40.4747	-45.9092	40	20	100	40
372	48.0374	-31.6328	40	20	100	40
373	47.5276	-38.5258	40	20	100	40
374	46.1354	-33.6194	40	20	100	40
375	45.6302	-21.8728	40	20	100	40
376	44.1605	-23.9312	40	20	100	40
377	49.9482	-22.1991	40	20	100	40
378	42.8037	-26.4885	40	20	100	40
379	43.9006	-15.1869	40	20	100	40
380	44.6702	-10.4518	40	20	100	40
381	40.9772	-17.4663	40	20	100	40
382	42.0675	-13.0143	40	20	100	40
383	46.5980	-9.1839	40	20	100	40
384	42.4666	-9.2422	40	20	100	40
385	46.8846	-9.8253	40	20	100	40
386	44.4605	-9.1218	40	20	100	40
387	46.9607	-5.1871	40	20	100	40
388	43.8006	-6.6104	40	20	100	40
389	49.9917	-9.2597	40	20	100	40
390	45.7226	-7.3339	40	20	100	40
391	44.6485	-4.2759	40	20	100	40
392	49.3318	-2.9388	40	20	100	40
393	49.2679	-3.9558	40	20	100	40
394	43.3727	-9.0750	40	20	100	40
395	40.5124	0.6886	40	20	100	40
396	41.4982	4.1749	40	20	100	40
397	42.1226	8.0149	40	20	100	40
398	41.7251	8.8439	40	20	100	40
399	43.8315	8.8312	40	20	100	40
400	40.6197	5.3991	40	20	100	40
401	40.6607	1.7266	40	20	100	40
402	43.0116	9.0669	40	20	100	40
403	41.4730	4.8446	40	20	100	40
404	44.4255	14.0178	40	20	100	40
405	40.9581	17.7711	40	20	100	40
406	41.2679	10.2566	40	20	100	40
407	41.6557	18.2872	40	20	100	40
408	42.7817	10.3221	40	20	100	40
409	41.9367	11.0391	40	20	100	40
410	41.1627	10.3930	40	20	100	40
411	42.9242	14.6267	40	20	100	40
412	43.0272	15.4079	40	20	100	40
413	40.1046	13.9858	40	20	100	40
414	43.9697	28.7915	40	20	100	40
415	44.3847	29.7813	40	20	100	40
416	40.0597	25.1854	40	20	100	40
417	43.2096	29.7186	40	20	100	40
418	44.7633	29.6889	40	20	100	40
419	40.0412	23.0355	40	20	100	40
420	43.8763	29.5546	40	20	100	40
421	41.3845	28.8412	40	20	100	40
422	40.2536	23.2210	40	20	100	40
423	42.0663	28.9693	40	20	100	40
424	40.4963	25.0697	40	20	100	40
425	42.6115	29.9129	40	20	100	40
426	43.9469	29.3782	40	20	100	40
427	41.9029	28.8813	40	20	100	40
428	44.1040	29.3524	40	20	100	40
429	42.1957	28.1760	40	20	100	40
430	42.6318	29.5898	40	20	100	40
431	46.3731	35.3438	40	20	100	40
432	43.9317	31.8349	40	20	100	40
433	42.2121	32.3074	40	20	100	40
434	46.0430	31.3777	40	20	100	40
435	41.8269	38.4836	40	20	100	40
436	41.3574	38.4615	40	20	100	40
437	43.3703	34.3389	40	20	100	40
438	43.4691	30.2074	40	20	100	40
439	43.7474	34.6545	40	20	100	40
440	42.7663	37.3258	40	20	100	40
441	41.9109	32.8865	40	20	100	40
442	42.0931	36.9110	40	20	100	40
443	42.5304	36.9167	40	20	100	40
444	42.2254	32.5710	40	20	100	40
445	42.7637	37.6792	40	20	100	40
446	45.0485	138.3837	40	20	100	40
447	42.6543	138.8342	40	20	100	40
448	43.0949	132.1135	40	20	100	40
449	47.5318	139.9078	40	20	100	40
450	44.7351	136.2782	40	20	100	40
451	42.7709	135.9383	40	20	100	40
452	42.0577	135.2530	40	20	100	40
453	44.1330	136.1557	40	20	100	40
454	48.5859	140.1941	40	20	100	40
455	49.1669	145.4075	40	20	100	40
456	45.0932	143.7123	40	20	100	40
457	41.3364	141.4379	40	20	100	40
458	41.2617	146.0219	40	20	100	40
459	44.2380	146.6289	40	20	100	40
460	46.7553	149.8439	40	20	100	40
461	40.0587	148.7177	40	20	100	40
462	46.6926	155.2513	40	20	100	40
463	48.0101	151.9572	40	20	100	40
464	49.6533	150.8525	40	20	100	40
465	44.0338	163.4895	40	20	100	40
466	46.7607	164.3971	40	20	100	40
467	43.1965	161.3736	40	20	100	40
468	47.1510	170.9083	40	20	100	40
469	42.8513	178.0834	40	20	100	40
470	49.8712	170.4473	40	20	100	40
471	37.3172	-172.2931	40	20	100	40
472	34.6565	-179.9871	40	20	100	40
473	30.9124	-174.3463	40	20	100	40
474	31.4335	-164.9298	40	20	100	40
475	31.6989	-162.5005	40	20	100	40
476	31.9244	-164.3226	40	20	100	40
477	33.5132	-156.4553	40	20	100	40
478	33.6906	-152.3632	40	20	100	40
479	32.7226	-159.0039	40	20	100	40
480	38.4456	-145.1152	40	20	100	40
481	30.8344	-141.2638	40	20	100	40
482	36.8578	-144.8525	40	20	100	40
483	33.6834	-135.2499	40	20	100	40
484	36.1383	-131.7746	40	20	100	40
485	32.5787	-121.1295	40	20	100	40
486	37.5333	-126.7058	40	20	100	40
487	30.1514	-128.6844	40	20	100	40
488	30.1572	-124.5160	40	20	100	40
489	33.6450	-122.1224	40	20	100	40
490	32.6739	-118.2304	40	20	100	40
491	30.3234	-114.2738	40	20	100	40
492	31.7828	-119.3325	40	20	100	40
493	30.3486	-118.8012	40	20	100	40
494	30.5724	-117.5396	40	20	100	40
495	31.3653	-118.0552	40	20	100	40
496	32.6428	-119.2095	40	20	100	40
497	32.6089	-117.6048	40	20	100	40
498	30.0070	-93.7977	40	20	100	40
499	30.2650	-90.2618	40	20	100	40
500	30.0198	-90.0325	40	20	100	40
501	30.3602	-90.1121	40	20	100	40
502	30.2722	-88.7415	40	20	100	40
503	31.2185	-80.6528	40	20	100	40
504	32.6538	-80.1373	40	20	100	40
505	30.1972	-80.4484	40	20	100	40
506	31.8520	-81.2247	40	20	100	40
507	33.4310	-73.6173	40	20	100	40
508	30.0084	-72.0994	40	20	100	40
509	33.0957	-77.3007	40	20	100	40
510	34.3843	-72.9776	40	20	100	40
511	35.3702	-72.9191	40	20	100	40
512	32.4023	-77.9349	40	20	100	40
513	33.1382	-76.7097	40	20	100	40
514	34.0760	-67.3423	40	20	100	40
515	36.9652	-66.3987	40	20	100	40
516	32.6022	-60.5385	40	20	100	40
517	35.1001	-62.4566	40	20	100	40
518	34.1630	-59.3462	40	20	100	40
519	31.3159	-55.3151	40	20	100	40
520	32.2074	-53.0547	40	20	100	40
521	32.9008	-44.7487	40	20	100	40
522	30.9579	-42.9233	40	20	100	40
523	39.5200	-45.8245	40	20	100	40
524	34.6041	-49.8656	40	20	100	40
525	33.7715	-38.8178	40	20	100	40
526	39.0872	-36.7492	40	20	100	40
527	35.5121	-36.8267	40	20	100	40
528	34.5281	-39.7354	40	20	100	40
529	30.6876	-21.5683	40	20	100	40
530	39.6220	-27.0314	40	20	100	40
531	38.0994	-24.4823	40	20	100	40
532	33.6766	-24.3313	40	20	100	40
533	39.9038	-17.1344	40	20	100	40
534	31.0484	-13.1674	40	20	100	40
535	35.2733	-18.4378	40	20	100	40
536	35.5620	-10.1107	40	20	100	40
537	34.6163	-14.5306	40	20	100	40
538	33.6176	-11.5582	40	20	100	40
539	33.7514	-8.5938	40	20	100	40
540	37.7271	-0.4074	40	20	100	40
541	30.2082	-9.6421	40	20	100	40
542	37.4872	-0.9781	40	20	100	40
543	37.3241	-9.4601	40	20	100	40
544	34.6395	-9.7672	40	20	100	40
545	36.2027	-2.9412	40	20	100	40
546	36.1676	-8.9826	40	20	100	40
547	36.1832	-4.4904	40	20	100	40
548	36.9552	-0.9542	40	20	100	40
549	36.8461	-9.3994	40	20	100	40
550	38.0880	-0.3461	40	20	100	40
551	36.3688	-6.9893	40	20	100	40
552	39.9528	-8.9267	40	20	100	40
553	34.2082	-8.8944	40	20	100	40
554	36.4394	-9.4194	40	20	100	40
555	36.9908	8.0835	40	20	100	40
556	39.0776	8.2431	40	20	100	40
557	38.8589	9.4687	40	20	100	40
558	39.2820	8.2044	40	20	100	40
559	37.4110	9.8737	40	20	100	40
560	39.3809	5.6139	40	20	100	40
561	38.5440	8.4856	40	20	100	40
562	38.4896	8.2946	40	20	100	40
563	37.1896	4.2984	40	20	100	40
564	37.1704	0.2557	40	20	100	40
565	39.6837	11.2630	40	20	100	40
566	36.9588	17.3982	40	20	100	40
567	37.3835	17.7993	40	20	100	40
568	34.7552	17.7306	40	20	100	40
569	36.1764	13.5781	40	20	100	40
570	33.4089	15.0599	40	20	100	40
571	33.9950	19.8205	40	20	100	40
572	35.1651	12.9780	40	20	100	40
573	32.6079	16.1599	40	20	100	40
574	32.8702	17.5603	40	20	100	40
575	33.4879	11.2905	40	20	100	40
576	38.2615	15.1354	40	20	100	40
577	36.0294	13.9184	40	20	100	40
578	34.4126	27.3780	40	20	100	40
579	31.8679	27.9742	40	20	100	40
580	37.8528	25.2727	40	20	100	40
581	37.1941	27.3601	40	20	100	40
582	38.6856	24.9002	40	20	100	40
583	35.8892	24.5172	40	20	100	40
584	38.9746	20.0123	40	20	100	40
585	33.8583	25.8323	40	20	100	40
586	36.8488	26.6432	40	20	100	40
587	35.9577	25.2039	40	20	100	40
588	38.2793	22.2199	40	20	100	40
589	34.5477	24.4135	40	20	100	40
590	36.6717	26.7794	40	20	100	40
591	34.3499	26.9919	40	20	100	40
592	34.1800	29.1509	40	20	100	40
593	37.6813	23.6008	40	20	100	40
594	34.2141	27.1254	40	20	100	40
595	32.7360	34.6785	40	20	100	40
596	35.3191	34.3307	40	20	100	40
597	35.8612	33.6714	40	20	100	40
598	33.6753	30.8360	40	20	100	40
599	36.0266	32.0004	40	20	100	40
600	35.0222	35.7435	40	20	100	40
601	35.9866	30.6353	40	20	100	40
602	35.1500	30.7739	40	20	100	40
603	34.0554	30.9305	40	20	100	40
604	35.7287	35.6270	40	20	100	40
605	32.3822	33.8780	40	20	100	40
606	31.4985	30.9728	40	20	100	40
607	34.8024	33.8969	40	20	100	40
608	38.4610	42.8513	40	20	100	40
609	37.8792	49.2605	40	20	100	40
610	38.0502	49.0631	40	20	100	40
611	37.5747	125.1267	40	20	100	40
612	32.8029	129.0756	40	20	100	40
613	39.9837	129.9797	40	20	100	40
614	36.9558	129.4945	40	20	100	40
615	33.0817	124.7530	40	20	100	40
616	31.6941	128.7678	40	20	100	40
617	31.3456	129.2813	40	20	100	40
618	31.7459	123.4908	40	20	100	40
619	31.0746	125.7597	40	20	100	40
620	33.7500	121.1018	40	20	100	40
621	33.4303	122.8305	40	20	100	40
622	30.0921	129.5013	40	20	100	40
623	33.8414	128.1710	40	20	100	40
624	35.3130	120.2586	40	20	100	40
625	34.2618	127.7652	40	20	100	40
626	34.6300	126.3824	40	20	100	40
627	39.2490	128.9143	40	20	100	40
628	39.6566	129.9000	40	20	100	40
629	36.9351	123.8130	40	20	100	40
630	34.6381	128.7514	40	20	100	40
631	35.5909	120.6648	40	20	100	40
632	34.6423	124.3599	40	20	100	40
633	33.6461	122.7927	40	20	100	40
634	37.7344	124.7359	40	20	100	40
635	30.7497	125.3676	40	20	100	40
636	30.0020	129.1601	40	20	100	40
637	32.1590	129.8484	40	20	100	40
638	32.7033	124.2594	40	20	100	40
639	35.9633	123.2503	40	20	100	40
640	39.2267	128.5044	40	20	100	40
641	38.4640	120.6029	40	20	100	40
642	39.9246	121.5968	40	20	100	40
643	38.8279	120.8670	40	20	100	40
644	37.8266	125.2462	40	20	100	40
645	31.8108	124.0938	40	20	100	40
646	36.4388	125.4754	40	20	100	40
647	30.1216	125.2196	40	20	100	40
648	37.9956	120.9816	40	20	100	40
649	36.3696	122.1732	40	20	100	40
650	34.9013	120.2800	40	20	100	40
651	31.0007	126.9558	40	20	100	40
652	33.4242	122.6450	40	20	100	40
653	35.9806	120.6331	40	20	100	40
654	31.5550	124.8368	40	20	100	40
655	34.5332	121.3907	40	20	100	40
656	39.3066	130.5644	40	20	100	40
657	39.6018	131.3319	40	20	100	40
658	36.7308	134.4201	40	20	100	40
659	38.4164	131.8195	40	20	100	40
660	32.9511	136.9419	40	20	100	40
661	30.5732	137.9161	40	20	100	40
662	31.1819	131.4639	40	20	100	40
663	31.7998	137.9202	40	20	100	40
664	33.0538	139.1464	40	20	100	40
665	37.0049	133.8045	40	20	100	40
666	38.0667	137.3913	40	20	100	40
667	32.6643	132.9677	40	20	100	40
668	30.6490	138.3558	40	20	100	40
669	34.3342	138.7658	40	20	100	40
670	33.8836	139.4365	40	20	100	40
671	32.2450	138.8713	40	20	100	40
672	38.2406	136.1758	40	20	100	40
673	30.7360	137.1864	40	20	100	40
674	37.9501	137.0611	40	20	100	40
675	31.4218	130.7096	40	20	100	40
676	30.6928	139.2959	40	20	100	40
677	32.1558	144.5081	40	20	100	40
678	30.1469	142.7398	40	20	100	40
679	34.5634	141.8816	40	20	100	40
680	31.8991	145.1817	40	20	100	40
681	32.8762	146.6447	40	20	100	40
682	30.2368	144.3388	40	20	100	40
683	35.6167	149.2610	40	20	100	40
684	39.4420	152.5159	40	20	100	40
685	32.2373	154.2526	40	20	100	40
686	37.7899	159.5015	40	20	100	40
687	34.6673	162.1069	40	20	100	40
688	39.1187	165.5908	40	20	100	40
689	38.8153	162.7751	40	20	100	40
690	32.7681	172.4324	40	20	100	40
691	32.1610	173.8186	40	20	100	40
692	38.5840	178.5540	40	20	100	40
693	22.1032	-178.5616	40	20	100	40
694	23.7011	-178.9034	40	20	100	40
695	24.8832	-160.7652	40	20	100	40
696	26.8721	-166.0713	40	20	100	40
697	29.7569	-153.8202	40	20	100	40
698	27.0127	-154.1252	40	20	100	40
699	28.3467	-144.8446	40	20	100	40
700	23.4859	-149.5862	40	20	100	40
701	21.0194	-133.6896	40	20	100	40
702	21.4588	-132.6293	40	20	100	40
703	20.5471	-134.9523	40	20	100	40
704	22.2100	-121.4038	40	20	100	40
705	26.0220	-124.0326	40	20	100	40
706	26.4724	-111.3116	40	20	100	40
707	20.6202	-110.6742	40	20	100	40
708	22.1426	-118.8513	40	20	100	40
709	21.1494	-112.4606	40	20	100	40
710	29.7805	-119.0236	40	20	100	40
711	20.7601	-109.3363	40	20	100	40
712	20.6623	-109.9309	40	20	100	40
713	25.5529	-93.4286	40	20	100	40
714	21.7186	-94.4086	40	20	100	40
715	24.0380	-93.2790	40	20	100	40
716	20.6247	-91.8240	40	20	100	40
717	21.3701	-92.1554	40	20	100	40
718	25.4231	-97.2992	40	20	100	40
719	26.2154	-96.8542	40	20	100	40
720	22.9122	-92.3855	40	20	100	40
721	26.9836	-97.1270	40	20	100	40
722	22.7238	-97.1748	40	20	100	40
723	22.1924	-94.9936	40	20	100	40
724	21.9978	-95.6355	40	20	100	40
725	28.4644	-95.9341	40	20	100	40
726	23.3594	-96.8732	40	20	100	40
727	21.4790	-89.1839	40	20	100	40
728	21.9000	-83.1574	40	20	100	40
729	23.9097	-87.3393	40	20	100	40
730	28.8388	-88.9114	40	20	100	40
731	26.5071	-82.6893	40	20	100	40
732	29.2734	-85.6515	40	20	100	40
733	20.6824	-84.9634	40	20	100	40
734	24.0482	-86.0121	40	20	100	40
735	25.9353	-85.5394	40	20	100	40
736	27.6406	-89.9402	40	20	100	40
737	22.7881	-72.0099	40	20	100	40
738	29.7488	-77.2884	40	20	100	40
739	21.9676	-74.2190	40	20	100	40
740	24.8990	-72.2998	40	20	100	40
741	27.2123	-79.0185	40	20	100	40
742	27.6665	-71.6484	40	20	100	40
743	20.0701	-73.5053	40	20	100	40
744	22.8625	-66.8130	40	20	100	40
745	22.5888	-60.8594	40	20	100	40
746	28.0106	-65.6452	40	20	100	40
747	26.3108	-53.3893	40	20	100	40
748	23.4313	-58.8816	40	20	100	40
749	24.5358	-56.9866	40	20	100	40
750	23.9508	-41.0854	40	20	100	40
751	27.1738	-40.7285	40	20	100	40
752	27.7982	-37.3128	40	20	100	40
753	24.0675	-21.9036	40	20	100	40
754	27.7083	-29.6265	40	20	100	40
755	28.3218	-15.7706	40	20	100	40
756	23.3409	-19.4039	40	20	100	40
757	22.7206	-17.7056	40	20	100	40
758	24.4856	-19.3822	40	20	100	40
759	27.1777	-14.9321	40	20	100	40
760	23.3093	-19.5031	40	20	100	40
761	25.2489	-17.4045	40	20	100	40
762	20.8415	37.6154	40	20	100	40
763	25.8660	35.9396	40	20	100	40
764	23.8568	37.0370	40	20	100	40
765	20.3743	38.4217	40	20	100	40
766	27.8457	34.1654	40	20	100	40
767	24.6077	35.7752	40	20	100	40
768	20.6423	38.3349	40	20	100	40
769	22.7846	37.8428	40	20	100	40
770	26.3884	36.4033	40	20	100	40
771	25.3526	36.4467	40	20	100	40
772	29.3058	35.0062	40	20	100	40
773	22.9527	36.4192	40	20	100	40
774	29.9939	49.6264	40	20	100	40
775	28.0234	49.4656	40	20	100	40
776	29.6978	49.6502	40	20	100	40
777	20.0762	40.3259	40	20	100	40
778	28.1700	48.7061	40	20	100	40
779	27.4362	49.5707	40	20	100	40
780	28.4934	49.7748	40	20	100	40
781	20.7150	59.5153	40	20	100	40
782	24.2312	52.2700	40	20	100	40
783	23.6573	59.6661	40	20	100	40
784	25.4039	51.6000	40	20	100	40
785	24.8949	56.7522	40	20	100	40
786	21.1496	59.5094	40	20	100	40
787	26.6591	54.0304	40	20	100	40
788	24.6397	58.5220	40	20	100	40
789	28.8546	50.8686	40	20	100	40
790	21.2664	59.4417	40	20	100	40
791	24.2628	59.0553	40	20	100	40
792	26.0868	51.1215	40	20	100	40
793	27.1198	56.5494	40	20	100	40
794	25.7086	56.3505	40	20	100	40
795	25.2959	50.8256	40	20	100	40
796	25.1632	51.8114	40	20	100	40
797	25.0986	57.4643	40	20	100	40
798	24.9598	58.1193	40	20	100	40
799	24.5090	53.0314	40	20	100	40
800	25.7802	58.0019	40	20	100	40
801	26.3488	55.2183	40	20	100	40
802	21.6676	65.2165	40	20	100	40
803	24.6786	65.8912	40	20	100	40
804	22.4244	69.0755	40	20	100	40
805	21.8489	65.7841	40	20	100	40
806	20.9336	69.3350	40	20	100	40
807	24.1717	66.4015	40	20	100	40
808	22.5331	65.1810	40	20	100	40
809	22.2946	67.5721	40	20	100	40
810	20.3341	64.6995	40	20	100	40
811	24.8248	64.5832	40	20	100	40
812	22.1650	61.1741	40	20	100	40
813	21.7516	72.9795	40	20	100	40
814	20.0250	70.2221	40	20	100	40
815	22.1945	72.5087	40	20	100	40
816	22.2151	72.4870	40	20	100	40
817	20.0951	72.0453	40	20	100	40
818	20.8144	88.7223	40	20	100	40
819	20.4155	89.4225	40	20	100	40
820	21.5614	87.3288	40	20	100	40
821	20.0922	89.4583	40	20	100	40
822	21.3430	87.9380	40	20	100	40
823	20.1711	93.1017	40	20	100	40
824	20.2490	90.3082	40	20	100	40
825	21.5221	90.6785	40	20	100	40
826	20.9435	91.1249	40	20	100	40
827	21.2200	90.4009	40	20	100	40
828	22.2803	91.7478	40	20	100	40
829	24.9390	126.9513	40	20	100	40
830	25.3715	126.5618	40	20	100	40
831	23.6260	121.7689	40	20	100	40
832	23.3611	123.5267	40	20	100	40
833	25.1440	123.5935	40	20	100	40
834	20.1180	121.4367	40	20	100	40
835	26.0882	122.6927	40	20	100	40
836	24.2253	127.1875	40	20	100	40
837	20.2815	122.5134	40	20	100	40
838	26.7099	127.6098	40	20	100	40
839	29.4110	125.3710	40	20	100	40
840	24.1146	122.9251	40	20	100	40
841	20.9415	126.5456	40	20	100	40
842	22.5813	127.8888	40	20	100	40
843	21.6200	124.7406	40	20	100	40
844	25.7068	126.8521	40	20	100	40
845	24.3214	122.9010	40	20	100	40
846	26.2082	125.8880	40	20	100	40
847	27.3369	128.1409	40	20	100	40
848	22.9819	124.0725	40	20	100	40
849	21.7444	128.2856	40	20	100	40
850	21.5241	129.4976	40	20	100	40
851	25.5619	120.7873	40	20	100	40
852	22.2911	129.8264	40	20	100	40
853	28.4864	125.1820	40	20	100	40
854	24.7541	138.0379	40	20	100	40
855	25.3439	135.2000	40	20	100	40
856	23.2158	134.6098	40	20	100	40
857	27.0144	139.6150	40	20	100	40
858	22.3376	135.6791	40	20	100	40
859	25.5338	146.6774	40	20	100	40
860	26.5585	146.7492	40	20	100	40
861	21.0949	153.3895	40	20	100	40
862	20.8836	164.4844	40	20	100	40
863	20.7162	174.3852	40	20	100	40
864	29.5261	173.2971	40	20	100	40
865	13.1840	-169.7517	40	20	100	40
866	19.2992	-154.5938	40	20	100	40
867	19.9909	-141.5036	40	20	100	40
868	16.0052	-131.0510	40	20	100	40
869	13.1784	-121.5709	40	20	100	40
870	14.6885	-122.4756	40	20	100	40
871	14.4773	-116.2282	40	20	100	40
872	11.0561	-117.0672	40	20	100	40
873	13.9216	-103.0407	40	20	100	40
874	11.5433	-108.2859	40	20	100	40
875	13.1710	-100.6988	40	20	100	40
876	18.0780	-105.7568	40	20	100	40
877	18.1838	-106.1743	40	20	100	40
878	11.5230	-91.8895	40	20	100	40
879	15.5539	-99.1512	40	20	100	40
880	14.8406	-93.0363	40	20	100	40
881	11.3359	-96.8602	40	20	100	40
882	10.9463	-96.9180	40	20	100	40
883	12.8457	-91.4708	40	20	100	40
884	19.9152	-91.3898	40	20	100	40
885	19.2187	-86.1117	40	20	100	40
886	12.0673	-81.7264	40	20	100	40
887	11.1406	-88.8487	40	20	100	40
888	10.7693	-85.5989	40	20	100	40
889	17.6905	-87.3276	40	20	100	40
890	10.0811	-88.2825	40	20	100	40
891	11.0584	-78.3934	40	20	100	40
892	18.5903	-78.1310	40	20	100	40
893	13.8895	-76.4116	40	20	100	40
894	16.8298	-73.6953	40	20	100	40
895	14.8301	-74.9491	40	20	100	40
896	14.7963	-73.3683	40	20	100	40
897	18.6280	-78.9962	40	20	100	40
898	12.4162	-72.3403	40	20	100	40
899	11.1191	-75.3980	40	20	100	40
900	16.7753	-79.2396	40	20	100	40
901	19.7178	-61.7685	40	20	100	40
902	12.6114	-60.4181	40	20	100	40
903	19.7174	-61.0988	40	20	100	40
904	17.9244	-65.4508	40	20	100	40
905	13.3161	-66.2983	40	20	100	40
906	17.3231	-69.4569	40	20	100	40
907	10.3189	-64.6047	40	20	100	40
908	17.4040	-68.8713	40	20	100	40
909	16.8504	-60.1697	40	20	100	40
910	10.0837	-54.9359	40	20	100	40
911	10.6571	-52.5530	40	20	100	40
912	15.0263	-50.4227	40	20	100	40
913	15.6092	-44.3294	40	20	100	40
914	16.6544	-36.9268	40	20	100	40
915	12.4112	-28.7183	40	20	100	40
916	14.2236	-23.5508	40	20	100	40
917	16.2444	-25.2214	40	20	100	40
918	13.4603	-19.2499	40	20	100	40
919	14.1513	-19.1667	40	20	100	40
920	10.6831	-16.0068	40	20	100	40
921	18.3753	-16.9760	40	20	100	40
922	18.4617	-16.8085	40	20	100	40
923	18.3120	-17.7615	40	20	100	40
924	10.9483	-17.7530	40	20	100	40
925	19.3204	37.7983	40	20	100	40
926	16.3178	39.4580	40	20	100	40
927	19.6681	38.6423	40	20	100	40
928	19.6581	38.2392	40	20	100	40
929	16.9434	42.5392	40	20	100	40
930	17.1140	41.6634	40	20	100	40
931	14.7325	42.8654	40	20	100	40
932	10.6335	44.6104	40	20	100	40
933	11.8900	48.7754	40	20	100	40
934	12.1739	47.7496	40	20	100	40
935	13.8136	42.6114	40	20	100	40
936	11.1399	43.8568	40	20	100	40
937	16.0648	58.1682	40	20	100	40
938	14.3140	56.4520	40	20	100	40
939	10.8834	51.2451	40	20	100	40
940	11.8766	50.1449	40	20	100	40
941	12.4596	58.2411	40	20	100	40
942	11.7233	58.8127	40	20	100	40
943	13.8629	53.7910	40	20	100	40
944	16.1714	62.4049	40	20	100	40
945	18.4172	65.6326	40	20	100	40
946	11.2594	60.0122	40	20	100	40
947	11.9957	67.7888	40	20	100	40
948	15.0481	64.6475	40	20	100	40
949	12.9544	62.9222	40	20	100	40
950	16.0071	63.8432	40	20	100	40
951	15.8447	61.4649	40	20	100	40
952	12.7634	72.8113	40	20	100	40
953	13.8873	74.3964	40	20	100	40
954	15.5335	72.6045	40	20	100	40
955	18.3790	71.3629	40	20	100	40
956	13.7614	73.1156	40	20	100	40
957	17.4231	72.1097	40	20	100	40
958	12.7140	74.6760	40	20	100	40
959	10.2261	71.5552	40	20	100	40
960	14.7971	71.4152	40	20	100	40
961	11.4296	85.7011	40	20	100	40
962	12.3171	86.1889	40	20	100	40
963	13.6964	80.4642	40	20	100	40
964	13.0212	82.0688	40	20	100	40
965	14.3921	81.8244	40	20	100	40
966	12.0162	88.7479	40	20	100	40
967	15.0626	89.5209	40	20	100	40
968	19.3482	86.3832	40	20	100	40
969	10.9431	99.6914	40	20	100	40
970	11.2756	94.7637	40	20	100	40
971	15.7216	93.0871	40	20	100	40
972	15.8353	92.8686	40	20	100	40
973	11.7208	93.3311	40	20	100	40
974	12.1822	109.9342	40	20	100	40
975	17.4401	107.3151	40	20	100	40
976	14.2309	109.4077	40	20	100	40
977	18.0438	108.7695	40	20	100	40
978	18.5085	106.8440	40	20	100	40
979	10.1852	108.8495	40	20	100	40
980	13.3858	109.7974	40	20	100	40
981	18.6861	107.9635	40	20	100	40
982	10.9550	109.6645	40	20	100	40
983	10.1060	104.6193	40	20	100	40
984	14.6719	109.2570	40	20	100	40
985	17.7126	107.4331	40	20	100	40
986	13.5495	109.3638	40	20	100	40
987	11.0575	101.8713	40	20	100	40
988	16.7918	110.8923	40	20	100	40
989	12.5458	111.8989	40	20	100	40
990	10.9264	116.1909	40	20	100	40
991	19.8461	112.9971	40	20	100	40
992	18.4303	112.7507	40	20	100	40
993	18.7092	113.5499	40	20	100	40
994	19.8291	118.9187	40	20	100	40
995	10.2743	116.9204	40	20	100	40
996	16.4271	114.9335	40	20	100	40
997	17.1073	111.8909	40	20	100	40
998	13.9940	119.5302	40	20	100	40
999	12.5013	112.3343	40	20	100	40
1000	17.1754	116.1728	40	20	100	40
1001	18.9192	117.8253	40	20	100	40
1002	12.1257	128.7404	40	20	100	40
1003	14.4394	120.2447	40	20	100	40
1004	19.6942	127.8116	40	20	100	40
1005	10.3777	128.9621	40	20	100	40
1006	17.1927	124.3667	40	20	100	40
1007	17.0942	126.6499	40	20	100	40
1008	12.4483	129.3417	40	20	100	40
1009	12.4024	126.8347	40	20	100	40
1010	11.0588	128.8942	40	20	100	40
1011	10.9026	129.3059	40	20	100	40
1012	19.5840	121.2369	40	20	100	40
1013	11.5037	135.8016	40	20	100	40
1014	14.4943	134.0255	40	20	100	40
1015	12.6666	136.6362	40	20	100	40
1016	11.9739	139.2038	40	20	100	40
1017	11.1835	149.7666	40	20	100	40
1018	14.6636	141.8341	40	20	100	40
1019	11.1814	159.3828	40	20	100	40
1020	10.5133	162.3224	40	20	100	40
1021	18.0788	174.1760	40	20	100	40
1022	6.6409	-166.7036	40	20	100	40
1023	2.2763	-151.9892	40	20	100	40
1024	3.2787	-149.5648	40	20	100	40
1025	6.0700	-132.4623	40	20	100	40
1026	6.6300	-118.2236	40	20	100	40
1027	5.9089	-108.7531	40	20	100	40
1028	4.7557	-91.9817	40	20	100	40
1029	4.2281	-92.0747	40	20	100	40
1030	4.4490	-81.9932	40	20	100	40
1031	6.4098	-88.5851	40	20	100	40
1032	7.2409	-87.8631	40	20	100	40
1033	6.2137	-88.5849	40	20	100	40
1034	7.0465	-88.8069	40	20	100	40
1035	5.7719	-77.3129	40	20	100	40
1036	6.5694	-79.4538	40	20	100	40
1037	1.1564	-79.9181	40	20	100	40
1038	9.6491	-71.7164	40	20	100	40
1039	7.2104	-79.4079	40	20	100	40
1040	3.4726	-79.3581	40	20	100	40
1041	8.1657	-78.8832	40	20	100	40
1042	9.9556	-61.0741	40	20	100	40
1043	9.6493	-53.9740	40	20	100	40
1044	8.4063	-51.5018	40	20	100	40
1045	8.5899	-53.2099	40	20	100	40
1046	6.8474	-44.8968	40	20	100	40
1047	2.3423	-44.9679	40	20	100	40
1048	3.3033	-39.6556	40	20	100	40
1049	3.4736	-35.7417	40	20	100	40
1050	6.4017	-29.3219	40	20	100	40
1051	1.0269	-25.8204	40	20	100	40
1052	6.0134	-15.9891	40	20	100	40
1053	8.6929	-16.2430	40	20	100	40
1054	7.3244	-17.7541	40	20	100	40
1055	2.7178	-12.2253	40	20	100	40
1056	1.9716	-5.0785	40	20	100	40
1057	4.5592	-8.5827	40	20	100	40
1058	3.7881	-1.4815	40	20	100	40
1059	4.7344	-3.0344	40	20	100	40
1060	1.9491	-5.2130	40	20	100	40
1061	4.0130	6.5388	40	20	100	40
1062	3.2092	6.1262	40	20	100	40
1063	5.6927	1.0957	40	20	100	40
1064	2.4423	0.8506	40	20	100	40
1065	1.6501	6.3586	40	20	100	40
1066	1.1359	7.8558	40	20	100	40
1067	6.4053	3.2025	40	20	100	40
1068	6.1047	4.1537	40	20	100	40
1069	1.5106	6.7243	40	20	100	40
1070	3.4965	4.8686	40	20	100	40
1071	3.4931	49.6883	40	20	100	40
1072	1.2019	51.5634	40	20	100	40
1073	3.1251	51.8053	40	20	100	40
1074	1.2271	69.1519	40	20	100	40
1075	1.0462	69.7916	40	20	100	40
1076	4.2276	77.8044	40	20	100	40
1077	5.5366	76.2878	40	20	100	40
1078	8.5822	74.3145	40	20	100	40
1079	4.8136	76.9968	40	20	100	40
1080	8.3692	72.9594	40	20	100	40
1081	2.7341	74.6450	40	20	100	40
1082	9.3482	72.3031	40	20	100	40
1083	7.5034	72.3861	40	20	100	40
1084	6.9523	72.0051	40	20	100	40
1085	1.8964	89.8283	40	20	100	40
1086	5.5444	89.1882	40	20	100	40
1087	4.4513	83.2893	40	20	100	40
1088	0.5138	86.1751	40	20	100	40
1089	2.5096	86.5932	40	20	100	40
1090	8.6302	82.9944	40	20	100	40
1091	1.4226	80.4051	40	20	100	40
1092	6.7245	89.1439	40	20	100	40
1093	4.0181	98.6025	40	20	100	40
1094	8.8798	91.4464	40	20	100	40
1095	7.0870	94.3792	40	20	100	40
1096	8.3366	90.8262	40	20	100	40
1097	8.8545	93.5143	40	20	100	40
1098	6.8059	91.1831	40	20	100	40
1099	6.9780	95.9789	40	20	100	40
1100	7.7268	98.4275	40	20	100	40
1101	7.6371	91.0377	40	20	100	40
1102	2.0711	95.6635	40	20	100	40
1103	4.3385	105.8286	40	20	100	40
1104	5.1484	100.1393	40	20	100	40
1105	3.5318	104.1516	40	20	100	40
1106	6.1138	107.0907	40	20	100	40
1107	7.2085	101.3045	40	20	100	40
1108	8.5834	107.1345	40	20	100	40
1109	0.3809	105.8649	40	20	100	40
1110	8.7521	105.4064	40	20	100	40
1111	8.7324	104.3616	40	20	100	40
1112	4.1146	104.6396	40	20	100	40
1113	1.8703	105.0101	40	20	100	40
1114	4.3336	105.8429	40	20	100	40
1115	0.5892	107.8990	40	20	100	40
1116	4.1704	105.7580	40	20	100	40
1117	1.6502	105.2495	40	20	100	40
1118	4.2659	105.9645	40	20	100	40
1119	6.9630	103.8502	40	20	100	40
1120	4.0358	104.6904	40	20	100	40
1121	8.6050	105.4079	40	20	100	40
1122	5.0411	109.5794	40	20	100	40
1123	8.3059	104.5782	40	20	100	40
1124	9.2977	100.2878	40	20	100	40
1125	9.4366	108.0693	40	20	100	40
1126	5.5857	107.9063	40	20	100	40
1127	4.7907	109.0990	40	20	100	40
1128	6.8362	102.4186	40	20	100	40
1129	8.4374	105.6888	40	20	100	40
1130	4.0525	118.1569	40	20	100	40
1131	3.5474	119.3280	40	20	100	40
1132	0.3379	119.0223	40	20	100	40
1133	1.8318	118.3618	40	20	100	40
1134	6.3485	112.4559	40	20	100	40
1135	4.7305	112.1690	40	20	100	40
1136	1.8791	111.0746	40	20	100	40
1137	7.8803	119.8029	40	20	100	40
1138	8.2002	114.8327	40	20	100	40
1139	4.5234	126.5417	40	20	100	40
1140	0.9365	127.1286	40	20	100	40
1141	9.7349	122.2737	40	20	100	40
1142	3.6504	124.0576	40	20	100	40
1143	0.0207	123.6296	40	20	100	40
1144	7.8222	128.1216	40	20	100	40
1145	2.4869	120.2337	40	20	100	40
1146	6.0876	135.6585	40	20	100	40
1147	8.0057	134.2199	40	20	100	40
1148	9.8231	130.9298	40	20	100	40
1149	0.6607	140.0579	40	20	100	40
1150	7.1178	144.9475	40	20	100	40
1151	7.8278	147.0889	40	20	100	40
1152	2.3173	158.4053	40	20	100	40
1153	6.6175	153.9152	40	20	100	40
1154	3.0954	160.9641	40	20	100	40
1155	2.6690	175.5378	40	20	100	40
1156	0.7034	177.7976	40	20	100	40
1157	-8.2786	-171.0334	40	20	100	40
1158	-3.3690	-163.9963	40	20	100	40
1159	-0.5398	-141.1996	40	20	100	40
1160	-6.6104	-138.5294	40	20	100	40
1161	-5.4735	-118.9426	40	20	100	40
1162	-5.5634	-104.5330	40	20	100	40
1163	-7.6648	-99.3563	40	20	100	40
1164	-6.6108	-83.1602	40	20	100	40
1165	-6.2224	-85.8998	40	20	100	40
1166	-9.4777	-82.3419	40	20	100	40
1167	-3.0445	-89.1389	40	20	100	40
1168	-7.7742	-79.8900	40	20	100	40
1169	-9.6016	-79.1097	40	20	100	40
1170	-0.0772	-50.1758	40	20	100	40
1171	-0.6155	-51.5082	40	20	100	40
1172	-0.7319	-44.2133	40	20	100	40
1173	-0.6819	-41.1608	40	20	100	40
1174	-2.1552	-43.6976	40	20	100	40
1175	-0.4942	-42.8987	40	20	100	40
1176	-0.0893	-36.1243	40	20	100	40
1177	-3.4410	-34.4901	40	20	100	40
1178	-0.9663	-32.5126	40	20	100	40
1179	-3.8791	-36.6245	40	20	100	40
1180	-0.4380	-34.9727	40	20	100	40
1181	-4.6313	-37.2711	40	20	100	40
1182	-4.8761	-29.4011	40	20	100	40
1183	-7.6888	-20.7245	40	20	100	40
1184	-4.9873	-15.1335	40	20	100	40
1185	-2.7051	-8.5072	40	20	100	40
1186	-7.2835	-6.0976	40	20	100	40
1187	-0.1088	6.6918	40	20	100	40
1188	-3.4478	3.6530	40	20	100	40
1189	-9.2290	12.1829	40	20	100	40
1190	-8.8389	12.1555	40	20	100	40
1191	-5.0180	10.4472	40	20	100	40
1192	-0.9465	33.7809	40	20	100	40
1193	-2.0603	32.5215	40	20	100	40
1194	-5.1859	39.8578	40	20	100	40
1195	-6.4498	49.1449	40	20	100	40
1196	-0.6326	46.2160	40	20	100	40
1197	-3.7284	47.6780	40	20	100	40
1198	-6.9535	52.2602	40	20	100	40
1199	-5.1491	59.8221	40	20	100	40
1200	-1.4958	54.1636	40	20	100	40
1201	-3.5894	62.5553	40	20	100	40
1202	-7.9724	65.4368	40	20	100	40
1203	-6.5451	77.9263	40	20	100	40
1204	-4.3984	77.6255	40	20	100	40
1205	-6.8969	74.9124	40	20	100	40
1206	-7.5013	80.3186	40	20	100	40
1207	-9.8646	83.9592	40	20	100	40
1208	-1.1682	88.2056	40	20	100	40
1209	-1.9712	98.5659	40	20	100	40
1210	-0.8403	108.5196	40	20	100	40
1211	-6.7618	104.5926	40	20	100	40
1212	-7.9170	102.2851	40	20	100	40
1213	-7.2120	105.8954	40	20	100	40
1214	-3.7968	109.6416	40	20	100	40
1215	-5.0327	102.1238	40	20	100	40
1216	-6.8785	100.7561	40	20	100	40
1217	-0.9634	108.4594	40	20	100	40
1218	-4.4615	107.0699	40	20	100	40
1219	-6.4578	105.0883	40	20	100	40
1220	-3.8911	118.4623	40	20	100	40
1221	-5.3430	111.7683	40	20	100	40
1222	-9.7858	114.8016	40	20	100	40
1223	-4.0407	115.2132	40	20	100	40
1224	-6.1937	113.6948	40	20	100	40
1225	-6.9678	119.6450	40	20	100	40
1226	-4.8644	112.0503	40	20	100	40
1227	-5.9017	113.4982	40	20	100	40
1228	-8.9375	117.6296	40	20	100	40
1229	-7.6381	114.1385	40	20	100	40
1230	-4.6534	110.8724	40	20	100	40
1231	-9.8961	114.6317	40	20	100	40
1232	-5.7448	114.6030	40	20	100	40
1233	-1.0555	127.7177	40	20	100	40
1234	-7.4578	121.2612	40	20	100	40
1235	-7.2799	120.9763	40	20	100	40
1236	-2.4286	125.1075	40	20	100	40
1237	-6.1274	121.8184	40	20	100	40
1238	-9.1591	135.7008	40	20	100	40
1239	-5.5930	133.9933	40	20	100	40
1240	-0.9450	137.6986	40	20	100	40
1241	-3.7424	148.1079	40	20	100	40
1242	-1.7085	143.1224	40	20	100	40
1243	-2.6892	146.7407	40	20	100	40
1244	-0.2863	147.6760	40	20	100	40
1245	-0.6143	155.6280	40	20	100	40
1246	-5.1702	154.9277	40	20	100	40
1247	-8.7038	159.3358	40	20	100	40
1248	-4.0355	154.8546	40	20	100	40
1249	-5.6345	163.1343	40	20	100	40
1250	-0.7181	176.9256	40	20	100	40
1251	-15.4189	-172.7885	40	20	100	40
1252	-16.7997	-161.0352	40	20	100	40
1253	-19.4367	-154.7410	40	20	100	40
1254	-17.7562	-144.3471	40	20	100	40
1255	-13.1738	-131.9727	40	20	100	40
1256	-15.8477	-125.6767	40	20	100	40
1257	-19.2797	-112.0949	40	20	100	40
1258	-10.8368	-109.2283	40	20	100	40
1259	-12.5730	-91.6340	40	20	100	40
1260	-10.8241	-81.9589	40	20	100	40
1261	-14.0066	-86.5553	40	20	100	40
1262	-15.7220	-77.9962	40	20	100	40
1263	-18.7008	-71.9911	40	20	100	40
1264	-18.5250	-75.0052	40	20	100	40
1265	-18.0563	-73.0181	40	20	100	40
1266	-13.9153	-78.2893	40	20	100	40
1267	-19.8821	-40.0099	40	20	100	40
1268	-13.2563	-36.7360	40	20	100	40
1269	-16.6207	-36.7971	40	20	100	40
1270	-11.2240	-36.0765	40	20	100	40
1271	-18.7578	-36.6995	40	20	100	40
1272	-18.0930	-33.7638	40	20	100	40
1273	-14.7264	-22.1581	40	20	100	40
1274	-10.6061	-24.9649	40	20	100	40
1275	-11.5412	-12.3344	40	20	100	40
1276	-10.4617	-12.5457	40	20	100	40
1277	-16.8946	-6.8734	40	20	100	40
1278	-12.0558	7.3264	40	20	100	40
1279	-11.3192	2.9327	40	20	100	40
1280	-18.7159	6.5225	40	20	100	40
1281	-11.1213	12.1788	40	20	100	40
1282	-14.4096	10.0129	40	20	100	40
1283	-17.4123	38.2827	40	20	100	40
1284	-12.0954	34.2613	40	20	100	40
1285	-19.6898	36.6867	40	20	100	40
1286	-10.7059	43.9053	40	20	100	40
1287	-12.9707	42.1818	40	20	100	40
1288	-13.3088	42.9057	40	20	100	40
1289	-16.9282	43.5635	40	20	100	40
1290	-15.2502	51.5734	40	20	100	40
1291	-19.0555	54.4662	40	20	100	40
1292	-16.0939	59.5434	40	20	100	40
1293	-12.1533	65.9110	40	20	100	40
1294	-10.3534	67.6770	40	20	100	40
1295	-17.9596	60.8364	40	20	100	40
1296	-12.4841	61.3506	40	20	100	40
1297	-10.6306	65.3837	40	20	100	40
1298	-12.8664	68.3325	40	20	100	40
1299	-10.4457	79.6206	40	20	100	40
1300	-15.0774	75.5263	40	20	100	40
1301	-17.6131	75.7829	40	20	100	40
1302	-10.2628	87.9611	40	20	100	40
1303	-16.6336	90.3440	40	20	100	40
1304	-11.6681	97.0869	40	20	100	40
1305	-13.3212	100.6286	40	20	100	40
1306	-11.1554	106.7014	40	20	100	40
1307	-16.8161	110.7705	40	20	100	40
1308	-13.2478	118.1516	40	20	100	40
1309	-14.8080	114.4432	40	20	100	40
1310	-17.5854	116.2481	40	20	100	40
1311	-11.6146	112.0204	40	20	100	40
1312	-10.7553	127.9835	40	20	100	40
1313	-13.2243	120.7607	40	20	100	40
1314	-11.8624	138.4327	40	20	100	40
1315	-10.5624	134.3768	40	20	100	40
1316	-11.4918	147.8672	40	20	100	40
1317	-11.1477	148.1502	40	20	100	40
1318	-10.2413	146.1024	40	20	100	40
1319	-19.8671	149.7585	40	20	100	40
1320	-19.7588	153.7071	40	20	100	40
1321	-14.4121	150.9414	40	20	100	40
1322	-14.6232	152.9215	40	20	100	40
1323	-12.4837	152.4548	40	20	100	40
1324	-11.0216	150.6025	40	20	100	40
1325	-14.6603	160.9064	40	20	100	40
1326	-14.0031	178.3726	40	20	100	40
1327	-25.5456	-172.9570	40	20	100	40
1328	-24.0876	-158.3184	40	20	100	40
1329	-20.7216	-143.0574	40	20	100	40
1330	-27.6856	-125.9655	40	20	100	40
1331	-25.5042	-110.0098	40	20	100	40
1332	-21.0312	-93.8900	40	20	100	40
1333	-27.7723	-86.8541	40	20	100	40
1334	-24.2366	-79.8022	40	20	100	40
1335	-27.5390	-75.9345	40	20	100	40
1336	-26.8695	-72.8081	40	20	100	40
1337	-25.6668	-78.4845	40	20	100	40
1338	-20.3919	-77.1298	40	20	100	40
1339	-29.7608	-50.0019	40	20	100	40
1340	-25.5756	-44.1356	40	20	100	40
1341	-27.4265	-46.6426	40	20	100	40
1342	-22.3927	-41.6213	40	20	100	40
1343	-29.3582	-42.5434	40	20	100	40
1344	-25.6748	-45.7882	40	20	100	40
1345	-24.3209	-40.2673	40	20	100	40
1346	-24.7236	-40.7760	40	20	100	40
1347	-29.9490	-41.7071	40	20	100	40
1348	-25.5402	-42.7435	40	20	100	40
1349	-27.2281	-40.0709	40	20	100	40
1350	-27.0610	-40.7685	40	20	100	40
1351	-28.6392	-46.1441	40	20	100	40
1352	-28.6454	-44.8028	40	20	100	40
1353	-23.9775	-46.3933	40	20	100	40
1354	-26.0368	-46.8373	40	20	100	40
1355	-28.8366	-34.4870	40	20	100	40
1356	-25.7428	-31.5527	40	20	100	40
1357	-23.0154	-39.1254	40	20	100	40
1358	-21.0697	-21.2042	40	20	100	40
1359	-22.9043	-22.5209	40	20	100	40
1360	-29.1387	-17.4072	40	20	100	40
1361	-22.0523	-10.8627	40	20	100	40
1362	-29.1211	-3.2731	40	20	100	40
1363	-26.5308	-1.0145	40	20	100	40
1364	-25.3026	9.2616	40	20	100	40
1365	-24.9927	9.9589	40	20	100	40
1366	-25.4427	10.7850	40	20	100	40
1367	-27.6387	13.8500	40	20	100	40
1368	-20.0055	10.8733	40	20	100	40
1369	-26.2221	11.7143	40	20	100	40
1370	-24.9817	39.6941	40	20	100	40
1371	-28.0218	39.5687	40	20	100	40
1372	-23.6940	39.5516	40	20	100	40
1373	-26.4421	34.3159	40	20	100	40
1374	-25.5137	39.1545	40	20	100	40
1375	-25.2446	38.9913	40	20	100	40
1376	-24.4014	38.7043	40	20	100	40
1377	-22.5998	39.5344	40	20	100	40
1378	-22.7617	40.3498	40	20	100	40
1379	-23.7796	40.7940	40	20	100	40
1380	-27.3582	46.3113	40	20	100	40
1381	-29.9644	42.2963	40	20	100	40
1382	-27.9820	40.5132	40	20	100	40
1383	-29.7323	55.4719	40	20	100	40
1384	-21.2717	52.4618	40	20	100	40
1385	-25.5477	57.2916	40	20	100	40
1386	-21.4651	51.8572	40	20	100	40
1387	-25.7423	54.7307	40	20	100	40
1388	-25.9246	68.0905	40	20	100	40
1389	-28.7396	65.0304	40	20	100	40
1390	-20.1384	78.3841	40	20	100	40
1391	-24.0174	78.5486	40	20	100	40
1392	-23.5722	86.7417	40	20	100	40
1393	-22.5455	82.1901	40	20	100	40
1394	-28.6618	93.1749	40	20	100	40
1395	-21.7415	101.6931	40	20	100	40
1396	-24.3079	112.8483	40	20	100	40
1397	-29.4279	112.9162	40	20	100	40
1398	-22.2654	110.7725	40	20	100	40
1399	-20.0227	112.2387	40	20	100	40
1400	-20.1665	110.6353	40	20	100	40
1401	-24.4064	112.7380	40	20	100	40
1402	-27.9276	110.2978	40	20	100	40
1403	-20.2640	149.6881	40	20	100	40
1404	-20.3836	149.6202	40	20	100	40
1405	-20.9368	149.3040	40	20	100	40
1406	-25.8957	153.6793	40	20	100	40
1407	-22.9281	159.4725	40	20	100	40
1408	-23.0414	157.3513	40	20	100	40
1409	-23.5308	151.4335	40	20	100	40
1410	-23.0940	156.9755	40	20	100	40
1411	-21.6583	159.2175	40	20	100	40
1412	-29.8521	165.0510	40	20	100	40
1413	-24.2553	162.9398	40	20	100	40
1414	-20.8414	171.8279	40	20	100	40
1415	-39.0255	-173.1715	40	20	100	40
1416	-39.4291	-166.8054	40	20	100	40
1417	-34.4762	-144.3960	40	20	100	40
1418	-34.6673	-128.8879	40	20	100	40
1419	-33.6255	-108.5235	40	20	100	40
1420	-34.0489	-90.2370	40	20	100	40
1421	-34.2521	-83.1662	40	20	100	40
1422	-32.6701	-77.5324	40	20	100	40
1423	-31.6414	-77.0184	40	20	100	40
1424	-37.9036	-76.7253	40	20	100	40
1425	-39.0453	-73.8340	40	20	100	40
1426	-35.6200	-75.9708	40	20	100	40
1427	-36.0854	-74.1160	40	20	100	40
1428	-35.7594	-77.3052	40	20	100	40
1429	-34.8572	-74.6934	40	20	100	40
1430	-36.8818	-77.8145	40	20	100	40
1431	-34.1450	-74.2333	40	20	100	40
1432	-39.6062	-77.7442	40	20	100	40
1433	-32.9835	-73.6446	40	20	100	40
1434	-38.4092	-78.3567	40	20	100	40
1435	-39.0319	-61.7074	40	20	100	40
1436	-39.9102	-60.0867	40	20	100	40
1437	-38.8951	-61.9152	40	20	100	40
1438	-30.7070	-62.3995	40	20	100	40
1439	-39.7752	-60.2002	40	20	100	40
1440	-39.5837	-60.1055	40	20	100	40
1441	-39.5977	-61.1112	40	20	100	40
1442	-39.7909	-61.3135	40	20	100	40
1443	-39.2026	-62.3543	40	20	100	40
1444	-39.7145	-60.5127	40	20	100	40
1445	-38.5162	-57.3886	40	20	100	40
1446	-39.2225	-51.7671	40	20	100	40
1447	-32.5436	-50.8629	40	20	100	40
1448	-36.4764	-56.7266	40	20	100	40
1449	-33.6380	-50.9141	40	20	100	40
1450	-38.6733	-54.5304	40	20	100	40
1451	-31.7470	-50.4170	40	20	100	40
1452	-36.0781	-56.2158	40	20	100	40
1453	-39.5901	-52.1360	40	20	100	40
1454	-32.1413	-50.8605	40	20	100	40
1455	-35.5530	-57.1098	40	20	100	40
1456	-39.3362	-52.5542	40	20	100	40
1457	-31.1527	-50.5572	40	20	100	40
1458	-39.7300	-57.7965	40	20	100	40
1459	-34.1076	-52.1241	40	20	100	40
1460	-32.2176	-51.9446	40	20	100	40
1461	-37.6023	-53.3609	40	20	100	40
1462	-37.4271	-54.5172	40	20	100	40
1463	-38.3678	-45.4921	40	20	100	40
1464	-34.0059	-43.6996	40	20	100	40
1465	-31.1882	-42.7881	40	20	100	40
1466	-36.8975	-48.3952	40	20	100	40
1467	-31.9666	-43.1466	40	20	100	40
1468	-32.0649	-45.5566	40	20	100	40
1469	-35.6105	-36.0912	40	20	100	40
1470	-31.0469	-37.8940	40	20	100	40
1471	-34.3356	-34.5113	40	20	100	40
1472	-35.5267	-36.9360	40	20	100	40
1473	-35.6320	-20.9793	40	20	100	40
1474	-36.1106	-29.1588	40	20	100	40
1475	-38.9899	-21.1836	40	20	100	40
1476	-33.2863	-25.6744	40	20	100	40
1477	-37.0592	-19.6713	40	20	100	40
1478	-39.8299	-14.5671	40	20	100	40
1479	-39.7473	-17.1873	40	20	100	40
1480	-35.5045	-13.3830	40	20	100	40
1481	-31.1482	-14.6304	40	20	100	40
1482	-39.0100	-7.5971	40	20	100	40
1483	-35.2558	-3.1074	40	20	100	40
1484	-37.6940	-2.1821	40	20	100	40
1485	-30.9805	-4.5115	40	20	100	40
1486	-35.3036	8.7016	40	20	100	40
1487	-33.6394	6.7748	40	20	100	40
1488	-30.8907	2.3119	40	20	100	40
1489	-34.7420	8.4782	40	20	100	40
1490	-35.7306	7.2012	40	20	100	40
1491	-37.7957	6.7007	40	20	100	40
1492	-37.8168	2.6085	40	20	100	40
1493	-35.5818	19.6322	40	20	100	40
1494	-36.8748	15.5804	40	20	100	40
1495	-32.8013	10.6765	40	20	100	40
1496	-33.0692	12.6720	40	20	100	40
1497	-37.3276	19.7905	40	20	100	40
1498	-32.5670	12.3724	40	20	100	40
1499	-35.6069	17.5240	40	20	100	40
1500	-30.9109	12.3463	40	20	100	40
1501	-37.5672	15.8012	40	20	100	40
1502	-38.4767	13.2633	40	20	100	40
1503	-31.3731	17.7903	40	20	100	40
1504	-36.5205	12.1131	40	20	100	40
1505	-30.8671	16.1426	40	20	100	40
1506	-35.9962	29.6490	40	20	100	40
1507	-39.0987	27.0695	40	20	100	40
1508	-39.2661	24.2267	40	20	100	40
1509	-39.7088	28.7856	40	20	100	40
1510	-35.2300	26.4599	40	20	100	40
1511	-34.5702	29.8110	40	20	100	40
1512	-38.4639	29.1790	40	20	100	40
1513	-37.2516	21.7159	40	20	100	40
1514	-35.5151	26.2286	40	20	100	40
1515	-32.8497	28.6731	40	20	100	40
1516	-35.0563	21.4926	40	20	100	40
1517	-38.3145	25.6461	40	20	100	40
1518	-38.8696	29.9989	40	20	100	40
1519	-38.1898	21.7088	40	20	100	40
1520	-38.0122	34.4320	40	20	100	40
1521	-35.2333	33.7254	40	20	100	40
1522	-37.4145	33.7271	40	20	100	40
1523	-39.3794	37.6168	40	20	100	40
1524	-37.0541	33.6435	40	20	100	40
1525	-35.4153	37.3144	40	20	100	40
1526	-34.4165	33.1503	40	20	100	40
1527	-31.8132	36.9925	40	20	100	40
1528	-36.9586	39.1692	40	20	100	40
1529	-30.2022	35.5512	40	20	100	40
1530	-36.0062	39.4409	40	20	100	40
1531	-35.8768	42.4642	40	20	100	40
1532	-32.6255	43.9575	40	20	100	40
1533	-33.9654	42.8395	40	20	100	40
1534	-33.6064	47.8970	40	20	100	40
1535	-38.5985	51.8758	40	20	100	40
1536	-36.7884	59.4417	40	20	100	40
1537	-34.2763	59.9519	40	20	100	40
1538	-37.1357	66.5147	40	20	100	40
1539	-37.2031	64.9611	40	20	100	40
1540	-34.3443	62.2745	40	20	100	40
1541	-39.7075	81.4635	40	20	100	40
1542	-39.6944	92.3133	40	20	100	40
1543	-32.5181	100.5783	40	20	100	40
1544	-37.6278	113.5506	40	20	100	40
1545	-36.9062	115.5014	40	20	100	40
1546	-37.0493	112.8035	40	20	100	40
1547	-31.5104	110.9352	40	20	100	40
1548	-35.7853	112.5628	40	20	100	40
1549	-35.8774	111.5977	40	20	100	40
1550	-37.9888	118.8258	40	20	100	40
1551	-38.8703	113.5407	40	20	100	40
1552	-35.7606	122.0014	40	20	100	40
1553	-38.6615	128.7623	40	20	100	40
1554	-38.9709	120.0978	40	20	100	40
1555	-33.8716	131.0611	40	20	100	40
1556	-39.0544	130.4402	40	20	100	40
1557	-34.7940	134.6011	40	20	100	40
1558	-35.3677	137.1570	40	20	100	40
1559	-38.1333	131.3719	40	20	100	40
1560	-38.9351	148.6766	40	20	100	40
1561	-39.0172	147.9048	40	20	100	40
1562	-39.4158	147.7050	40	20	100	40
1563	-39.5399	142.4902	40	20	100	40
1564	-39.2837	141.9706	40	20	100	40
1565	-39.5486	144.1769	40	20	100	40
1566	-39.3115	145.1461	40	20	100	40
1567	-38.9654	143.0830	40	20	100	40
1568	-39.4305	140.5662	40	20	100	40
1569	-35.2089	153.7555	40	20	100	40
1570	-36.7533	151.0266	40	20	100	40
1571	-30.7262	156.4093	40	20	100	40
1572	-32.7377	152.7849	40	20	100	40
1573	-32.7625	159.2657	40	20	100	40
1574	-34.8064	151.9324	40	20	100	40
1575	-35.2376	157.7026	40	20	100	40
1576	-39.5233	156.6947	40	20	100	40
1577	-38.0557	159.5914	40	20	100	40
1578	-34.5935	159.5352	40	20	100	40
1579	-33.0258	152.6500	40	20	100	40
1580	-30.5697	156.7486	40	20	100	40
1581	-35.7906	162.8849	40	20	100	40
1582	-33.7946	167.2188	40	20	100	40
1583	-36.5479	163.6220	40	20	100	40
1584	-30.6431	179.3325	40	20	100	40
1585	-31.1983	172.9872	40	20	100	40
1586	-37.2654	171.1060	40	20	100	40
1587	-35.9832	174.9033	40	20	100	40
1588	-32.2308	174.7352	40	20	100	40
1589	-30.0398	170.8758	40	20	100	40
1590	-31.4669	170.3908	40	20	100	40
1591	-31.9659	172.8627	40	20	100	40
1592	-37.5293	172.7442	40	20	100	40
1593	-34.5861	175.4090	40	20	100	40
1594	-42.6891	-159.1152	40	20	100	40
1595	-48.6801	-159.6522	40	20	100	40
1596	-43.9593	-133.0015	40	20	100	40
1597	-48.9740	-139.3264	40	20	100	40
1598	-45.8290	-81.3174	40	20	100	40
1599	-46.1699	-88.8674	40	20	100	40
1600	-40.8698	-79.2065	40	20	100	40
1601	-44.4618	-76.2982	40	20	100	40
1602	-43.1787	-79.0271	40	20	100	40
1603	-48.1042	-78.5123	40	20	100	40
1604	-43.7662	-72.8182	40	20	100	40
1605	-42.0132	-77.1051	40	20	100	40
1606	-40.9281	-78.3986	40	20	100	40
1607	-44.1547	-77.5233	40	20	100	40
1608	-46.0830	-66.9799	40	20	100	40
1609	-48.8417	-60.7065	40	20	100	40
1610	-48.4587	-62.5351	40	20	100	40
1611	-47.7261	-61.6920	40	20	100	40
1612	-48.0565	-62.8018	40	20	100	40
1613	-48.1658	-62.5716	40	20	100	40
1614	-46.1655	-65.4814	40	20	100	40
1615	-40.2758	-57.2093	40	20	100	40
1616	-42.2833	-59.5229	40	20	100	40
1617	-49.8743	-52.6486	40	20	100	40
1618	-42.8101	-50.8689	40	20	100	40
1619	-48.7519	-43.3322	40	20	100	40
1620	-48.5816	-46.3720	40	20	100	40
1621	-44.5233	-49.1592	40	20	100	40
1622	-47.0721	-31.4350	40	20	100	40
1623	-47.3162	-34.0537	40	20	100	40
1624	-41.5745	-25.0124	40	20	100	40
1625	-46.2555	-29.2200	40	20	100	40
1626	-41.4234	-11.6928	40	20	100	40
1627	-42.1207	-10.9868	40	20	100	40
1628	-41.3034	-2.8365	40	20	100	40
1629	-45.7171	-5.4896	40	20	100	40
1630	-48.5466	143.1810	40	20	100	40
1631	-49.5640	147.7792	40	20	100	40
1632	-47.5564	143.1201	40	20	100	40
1633	-43.6674	143.3318	40	20	100	40
1634	-40.2224	140.6960	40	20	100	40
1635	-46.4940	147.5749	40	20	100	40
1636	-41.2072	161.1577	40	20	100	40
1637	-48.7675	160.5418	40	20	100	40
1638	-40.5426	166.3564	40	20	100	40
1639	-46.3324	165.6159	40	20	100	40
1640	-43.7744	173.2410	40	20	100	40
1641	-48.3194	179.3902	40	20	100	40
1642	-49.6842	170.3779	40	20	100	40
1643	-46.9812	173.3803	40	20	100	40
1644	-44.6698	173.3104	40	20	100	40
1645	-40.0789	171.5316	40	20	100	40
1646	-44.8075	175.2991	40	20	100	40
1647	-43.0235	176.8603	40	20	100	40
1648	-59.0596	-76.4571	40	20	100	40
1649	-57.5788	-75.4688	40	20	100	40
1650	-53.0063	-73.4966	40	20	100	40
1651	-51.3970	-79.9591	40	20	100	40
1652	-58.5542	-79.0760	40	20	100	40
1653	-51.9984	-77.6249	40	20	100	40
1654	-51.4703	-73.4900	40	20	100	40
1655	-57.5368	-76.1676	40	20	100	40
1656	-59.5823	-64.9095	40	20	100	40
1657	-55.4863	-69.8410	40	20	100	40
1658	-50.8831	-68.2234	40	20	100	40
1659	-54.8677	-60.1075	40	20	100	40
1660	-57.6806	-67.1841	40	20	100	40
1661	-58.6800	-60.0744	40	20	100	40
1662	-59.6174	-55.8777	40	20	100	40
1663	-54.2838	-59.7422	40	20	100	40
1664	-58.0891	47.7258	40	20	100	40
1665	-52.6604	44.7810	40	20	100	40
1666	-57.7153	74.3569	40	20	100	40
1667	-57.7279	75.0004	40	20	100	40
1668	-63.7209	-144.2635	40	20	100	40
1669	-66.7591	-140.3595	40	20	100	40
1670	-65.9195	-114.8987	40	20	100	40
1671	-67.6872	-110.0172	40	20	100	40
1672	-72.3944	-56.0667	40	20	100	40
1673	-75.9370	-51.3950	40	20	100	40