utIndex	utLat (deg)	utLon (deg)	Av DL (Mbps)	Av UL (Mbps)	Max DL (Mbps)	Max UL (Mbps)
1	80.0427	-92.9225	80	30	100	40
2	81.8795	-81.9439	80	30	100	40
3	80.9572	-61.6399	80	30	100	40
4	81.4461	-56.4449	80	30	100	40
5	82.1527	-49.2266	80	30	100	40
6	81.8866	-35.1904	80	30	100	40
7	71.2755	-122.8921	80	30	100	40
8	73.9443	-116.9034	80	30	100	40
9	71.3705	-109.0446	80	30	100	40
10	75.7172	-98.7205	80	30	100	40
11	70.6168	-80.2774	80	30	100	40
12	72.5174	-83.2378	80	30	100	40
13	71.2365	-77.5261	80	30	100	40
14	78.4744	-67.6032	80	30	100	40
15	73.5470	-52.9848	80	30	100	40
16	73.9821	-46.2038	80	30	100	40
17	79.2836	-36.6180	80	30	100	40
18	79.5543	-23.3305	80	30	100	40
19	74.3133	-23.1645	80	30	100	40
20	75.0116	-27.7894	80	30	100	40
21	77.0721	-19.1368	80	30	100	40
22	78.2452	17.5369	80	30	100	40
23	79.3513	18.1230	80	30	100	40
24	77.9513	14.9521	80	30	100	40
25	70.0999	26.0522	80	30	100	40
26	78.8734	21.2598	80	30	100	40
27	70.0340	25.0585	80	30	100	40
28	64.5267	-164.9830	80	30	100	40
29	65.4370	-160.0415	80	30	100	40
30	69.0280	-161.0379	80	30	100	40
31	60.5273	-162.5188	80	30	100	40
32	60.8524	-162.1154	80	30	100	40
33	67.8914	-162.8612	80	30	100	40
34	69.3895	-153.5584	80	30	100	40
35	69.8799	-156.6146	80	30	100	40
36	66.0742	-152.3020	80	30	100	40
37	62.9660	-158.1571	80	30	100	40
38	64.8656	-159.1634	80	30	100	40
39	69.4574	-146.0485	80	30	100	40
40	64.4557	-138.2901	80	30	100	40
41	67.8159	-130.0361	80	30	100	40
42	60.2448	-139.3952	80	30	100	40
43	60.7773	-134.4121	80	30	100	40
44	64.5177	-139.2543	80	30	100	40
45	61.0712	-129.7782	80	30	100	40
46	67.8183	-123.6159	80	30	100	40
47	64.4989	-126.1122	80	30	100	40
48	67.7533	-122.9366	80	30	100	40
49	68.2368	-120.5164	80	30	100	40
50	61.9536	-111.1571	80	30	100	40
51	69.9293	-115.7494	80	30	100	40
52	65.9649	-112.3361	80	30	100	40
53	68.8527	-118.4270	80	30	100	40
54	60.0915	-117.7392	80	30	100	40
55	68.9192	-109.9822	80	30	100	40
56	66.9641	-93.4903	80	30	100	40
57	63.2273	-99.5256	80	30	100	40
58	66.6919	-90.3168	80	30	100	40
59	61.7330	-99.7004	80	30	100	40
60	64.0674	-99.4189	80	30	100	40
61	65.7048	-87.7591	80	30	100	40
62	68.9988	-83.0113	80	30	100	40
63	66.4651	-84.7951	80	30	100	40
64	67.4386	-82.0453	80	30	100	40
65	64.8191	-83.7441	80	30	100	40
66	62.2782	-75.3107	80	30	100	40
67	60.4043	-74.4722	80	30	100	40
68	61.8803	-73.7721	80	30	100	40
69	64.4126	-73.4252	80	30	100	40
70	66.4518	-71.6026	80	30	100	40
71	66.4906	-66.5983	80	30	100	40
72	64.5674	-69.7310	80	30	100	40
73	63.1587	-66.7006	80	30	100	40
74	66.7985	-63.9514	80	30	100	40
75	66.1897	-65.5107	80	30	100	40
76	67.2608	-51.9131	80	30	100	40
77	66.0519	-50.3865	80	30	100	40
78	67.5246	-50.4249	80	30	100	40
79	65.5321	-50.5036	80	30	100	40
80	65.1943	-51.7558	80	30	100	40
81	65.0400	-47.8694	80	30	100	40
82	66.8548	-41.6547	80	30	100	40
83	69.4567	-47.0707	80	30	100	40
84	68.0632	-42.7244	80	30	100	40
85	69.3082	-42.2311	80	30	100	40
86	69.1556	-37.1927	80	30	100	40
87	69.0080	-31.2380	80	30	100	40
88	69.4595	-31.2318	80	30	100	40
89	68.8490	-36.0578	80	30	100	40
90	68.7276	-34.1852	80	30	100	40
91	69.7741	-29.8957	80	30	100	40
92	68.6577	-29.8580	80	30	100	40
93	66.3060	-22.8311	80	30	100	40
94	64.2514	-21.1996	80	30	100	40
95	64.6000	-20.9564	80	30	100	40
96	65.3623	-16.9817	80	30	100	40
97	65.5512	-17.5573	80	30	100	40
98	64.4112	-17.3794	80	30	100	40
99	65.7167	-16.9708	80	30	100	40
100	65.6818	-19.1695	80	30	100	40
101	62.2043	-6.4142	80	30	100	40
102	60.7117	-1.0918	80	30	100	40
103	60.2175	-2.0600	80	30	100	40
104	60.3412	-1.5491	80	30	100	40
105	62.1792	-7.5276	80	30	100	40
106	62.9026	7.9525	80	30	100	40
107	63.2493	7.6164	80	30	100	40
108	61.1228	9.5028	80	30	100	40
109	61.4347	8.9115	80	30	100	40
110	61.1814	9.5570	80	30	100	40
111	64.0197	14.0597	80	30	100	40
112	61.0400	12.3876	80	30	100	40
113	60.8352	13.5029	80	30	100	40
114	63.6501	12.4854	80	30	100	40
115	66.1993	16.3369	80	30	100	40
116	62.8114	11.9374	80	30	100	40
117	66.1050	13.8269	80	30	100	40
118	62.5930	13.9430	80	30	100	40
119	65.6892	14.5709	80	30	100	40
120	66.7322	14.1272	80	30	100	40
121	64.7094	18.3407	80	30	100	40
122	63.9485	13.8398	80	30	100	40
123	65.8174	14.8970	80	30	100	40
124	63.7897	17.8305	80	30	100	40
125	62.6399	14.2358	80	30	100	40
126	66.1797	16.7820	80	30	100	40
127	63.3823	17.3400	80	30	100	40
128	67.0689	18.8323	80	30	100	40
129	69.6993	28.1435	80	30	100	40
130	69.0091	24.7152	80	30	100	40
131	62.1864	21.8185	80	30	100	40
132	63.6626	23.2853	80	30	100	40
133	60.7952	21.9723	80	30	100	40
134	66.7145	24.2356	80	30	100	40
135	66.1627	25.9116	80	30	100	40
136	60.5097	25.6448	80	30	100	40
137	67.9843	22.4070	80	30	100	40
138	68.3017	26.4050	80	30	100	40
139	64.8635	24.5868	80	30	100	40
140	64.4620	28.0211	80	30	100	40
141	63.5816	25.7245	80	30	100	40
142	59.9467	-163.6427	80	30	100	40
143	55.9703	-160.0911	80	30	100	40
144	59.3000	-160.3560	80	30	100	40
145	55.5371	-161.9811	80	30	100	40
146	55.7484	-160.6242	80	30	100	40
147	57.8016	-157.2680	80	30	100	40
148	57.8633	-156.3540	80	30	100	40
149	59.9826	-153.9511	80	30	100	40
150	57.4203	-154.6326	80	30	100	40
151	57.1639	-153.7542	80	30	100	40
152	59.8200	-140.7491	80	30	100	40
153	59.5000	-146.2156	80	30	100	40
154	59.9787	-140.6291	80	30	100	40
155	59.9297	-140.7459	80	30	100	40
156	59.5070	-146.2906	80	30	100	40
157	57.3108	-135.7666	80	30	100	40
158	59.5278	-131.5177	80	30	100	40
159	56.1745	-130.1018	80	30	100	40
160	56.7559	-133.7995	80	30	100	40
161	55.2745	-130.5747	80	30	100	40
162	53.2770	-123.8407	80	30	100	40
163	50.0266	-122.3401	80	30	100	40
164	57.0320	-120.3534	80	30	100	40
165	59.1919	-123.3322	80	30	100	40
166	57.4648	-129.3697	80	30	100	40
167	59.9473	-117.9174	80	30	100	40
168	54.3529	-117.4272	80	30	100	40
169	52.3346	-111.8172	80	30	100	40
170	58.7267	-115.6693	80	30	100	40
171	55.0290	-118.5374	80	30	100	40
172	58.0242	-112.0186	80	30	100	40
173	57.0370	-117.7757	80	30	100	40
174	51.2204	-111.9721	80	30	100	40
175	53.7152	-112.5492	80	30	100	40
176	57.7363	-118.3876	80	30	100	40
177	55.3322	-119.7277	80	30	100	40
178	59.2684	-113.9170	80	30	100	40
179	59.4479	-116.8521	80	30	100	40
180	56.5623	-105.2653	80	30	100	40
181	55.0370	-101.2312	80	30	100	40
182	51.7388	-100.2114	80	30	100	40
183	58.6302	-105.4228	80	30	100	40
184	53.4262	-107.1259	80	30	100	40
185	55.8258	-92.4629	80	30	100	40
186	50.1853	-85.2823	80	30	100	40
187	55.1908	-85.1032	80	30	100	40
188	51.2770	-84.5241	80	30	100	40
189	51.5941	-80.8562	80	30	100	40
190	53.0224	-83.8944	80	30	100	40
191	51.4874	-76.7100	80	30	100	40
192	53.9933	-71.4522	80	30	100	40
193	50.7242	-70.1792	80	30	100	40
194	51.4080	-73.4012	80	30	100	40
195	55.6396	-73.2946	80	30	100	40
196	59.7751	-64.9084	80	30	100	40
197	53.8542	-60.9451	80	30	100	40
198	52.1830	-68.9829	80	30	100	40
199	56.5600	-69.2428	80	30	100	40
200	51.2979	-63.2288	80	30	100	40
201	54.6785	-58.5256	80	30	100	40
202	53.4976	-56.2477	80	30	100	40
203	51.3919	-59.3325	80	30	100	40
204	51.4780	-59.9253	80	30	100	40
205	51.6640	-58.0217	80	30	100	40
206	59.9494	-44.2289	80	30	100	40
207	59.9484	-43.9186	80	30	100	40
208	59.9538	-43.8618	80	30	100	40
209	59.9718	-44.1746	80	30	100	40
210	59.9359	-44.1905	80	30	100	40
211	54.1616	-6.5069	80	30	100	40
212	53.8344	-1.3217	80	30	100	40
213	51.6959	-0.6870	80	30	100	40
214	52.0834	-9.5025	80	30	100	40
215	53.0136	-8.8448	80	30	100	40
216	52.8382	-7.0083	80	30	100	40
217	50.8013	1.7343	80	30	100	40
218	52.4982	8.3871	80	30	100	40
219	52.5793	1.6236	80	30	100	40
220	50.4663	3.6806	80	30	100	40
221	59.5561	7.8069	80	30	100	40
222	59.3078	10.2864	80	30	100	40
223	56.5951	15.2015	80	30	100	40
224	53.2348	18.9139	80	30	100	40
225	53.3780	15.3940	80	30	100	40
226	50.4288	13.3676	80	30	100	40
227	50.1459	22.3602	80	30	100	40
228	58.8097	29.9283	80	30	100	40
229	51.3755	23.3807	80	30	100	40
230	53.3000	23.2104	80	30	100	40
231	57.8891	27.0074	80	30	100	40
232	47.8349	-121.9792	80	30	100	40
233	46.5867	-120.9617	80	30	100	40
234	41.8806	-120.3335	80	30	100	40
235	44.6448	-122.4516	80	30	100	40
236	48.9463	-122.0997	80	30	100	40
237	43.0153	-118.8567	80	30	100	40
238	41.0998	-110.3839	80	30	100	40
239	46.2147	-114.3177	80	30	100	40
240	42.4365	-119.4705	80	30	100	40
241	47.3488	-118.3424	80	30	100	40
242	47.8175	-115.2861	80	30	100	40
243	47.3770	-116.0382	80	30	100	40
244	42.2319	-113.4185	80	30	100	40
245	43.0934	-114.9718	80	30	100	40
246	43.7428	-114.1446	80	30	100	40
247	45.9722	-114.3873	80	30	100	40
248	46.5410	-116.5854	80	30	100	40
249	42.6677	-114.4208	80	30	100	40
250	44.9429	-114.7221	80	30	100	40
251	44.6501	-118.5402	80	30	100	40
252	40.7178	-114.0938	80	30	100	40
253	48.3758	-117.4272	80	30	100	40
254	48.4045	-111.3661	80	30	100	40
255	49.1099	-101.3887	80	30	100	40
256	43.4139	-102.3831	80	30	100	40
257	47.4880	-105.9694	80	30	100	40
258	49.2700	-109.5784	80	30	100	40
259	47.1284	-105.4898	80	30	100	40
260	42.4890	-104.6081	80	30	100	40
261	49.6325	-101.9268	80	30	100	40
262	48.6435	-108.4292	80	30	100	40
263	43.4426	-103.5508	80	30	100	40
264	44.8525	-97.1331	80	30	100	40
265	48.7085	-98.7874	80	30	100	40
266	48.0759	-96.7479	80	30	100	40
267	43.0602	-98.9897	80	30	100	40
268	44.9190	-96.2270	80	30	100	40
269	44.0127	-87.9520	80	30	100	40
270	46.1061	-84.9108	80	30	100	40
271	43.5671	-83.6886	80	30	100	40
272	40.9020	-84.8534	80	30	100	40
273	43.4968	-83.9210	80	30	100	40
274	47.4864	-83.4116	80	30	100	40
275	49.7774	-82.2281	80	30	100	40
276	40.3574	-81.3941	80	30	100	40
277	46.2382	-86.9803	80	30	100	40
278	41.1309	-75.4752	80	30	100	40
279	47.7993	-75.7298	80	30	100	40
280	41.3945	-75.9145	80	30	100	40
281	42.1157	-74.8801	80	30	100	40
282	48.9652	-79.9868	80	30	100	40
283	45.5808	-66.5373	80	30	100	40
284	47.6411	-68.2763	80	30	100	40
285	45.5685	-69.7573	80	30	100	40
286	48.1287	-68.8026	80	30	100	40
287	48.6417	-65.9950	80	30	100	40
288	48.7521	-54.3025	80	30	100	40
289	49.6171	-57.4612	80	30	100	40
290	48.9108	-57.9774	80	30	100	40
291	47.8734	-57.7071	80	30	100	40
292	48.3384	-58.4717	80	30	100	40
293	41.8431	-8.1809	80	30	100	40
294	41.2747	-3.9780	80	30	100	40
295	46.4313	-1.1920	80	30	100	40
296	40.1005	-1.5097	80	30	100	40
297	47.7082	-2.4995	80	30	100	40
298	41.9470	8.5991	80	30	100	40
299	43.6076	4.6046	80	30	100	40
300	49.6241	1.8944	80	30	100	40
301	46.2566	0.5941	80	30	100	40
302	45.3608	4.2686	80	30	100	40
303	46.7712	7.4248	80	30	100	40
304	44.5071	0.4550	80	30	100	40
305	46.8741	8.9549	80	30	100	40
306	42.4467	0.1604	80	30	100	40
307	46.9672	16.2262	80	30	100	40
308	43.1353	16.9439	80	30	100	40
309	44.9066	11.4838	80	30	100	40
310	49.0727	14.5688	80	30	100	40
311	48.1495	15.2502	80	30	100	40
312	44.7629	12.0049	80	30	100	40
313	49.5935	16.5443	80	30	100	40
314	45.6932	11.5971	80	30	100	40
315	45.2928	14.7773	80	30	100	40
316	44.5329	20.2076	80	30	100	40
317	45.6411	28.9467	80	30	100	40
318	49.5479	25.3021	80	30	100	40
319	47.7597	23.8621	80	30	100	40
320	40.1864	27.0734	80	30	100	40
321	49.7838	33.9559	80	30	100	40
322	45.3547	39.9783	80	30	100	40
323	46.8718	39.5065	80	30	100	40
324	46.7098	33.6289	80	30	100	40
325	45.1831	36.3179	80	30	100	40
326	42.9827	54.7295	80	30	100	40
327	40.4991	54.7105	80	30	100	40
328	49.4641	50.7758	80	30	100	40
329	44.3733	53.3001	80	30	100	40
330	42.3338	59.8610	80	30	100	40
331	42.7803	66.7695	80	30	100	40
332	45.8654	64.7499	80	30	100	40
333	43.9467	62.9055	80	30	100	40
334	41.9787	63.1069	80	30	100	40
335	47.2885	61.8044	80	30	100	40
336	42.7453	76.3282	80	30	100	40
337	47.3566	78.5544	80	30	100	40
338	40.9543	74.6489	80	30	100	40
339	46.2956	72.6491	80	30	100	40
340	49.0837	77.6758	80	30	100	40
341	47.1198	87.1055	80	30	100	40
342	49.8022	80.0877	80	30	100	40
343	44.9749	82.8223	80	30	100	40
344	47.5675	86.5156	80	30	100	40
345	48.0637	87.0441	80	30	100	40
346	43.8837	101.2686	80	30	100	40
347	41.9210	108.7843	80	30	100	40
348	47.5823	106.2352	80	30	100	40
349	43.1546	105.1230	80	30	100	40
350	48.4662	102.3078	80	30	100	40
351	44.1712	142.8062	80	30	100	40
352	45.8508	149.8420	80	30	100	40
353	49.7547	144.0667	80	30	100	40
354	43.4314	141.7539	80	30	100	40
355	43.3699	140.5376	80	30	100	40
356	49.4799	142.4349	80	30	100	40
357	43.0965	142.8611	80	30	100	40
358	44.9887	142.4505	80	30	100	40
359	43.7524	143.6463	80	30	100	40
360	49.8186	140.4522	80	30	100	40
361	40.7020	141.0491	80	30	100	40
362	43.2821	142.1422	80	30	100	40
363	42.8022	142.9068	80	30	100	40
364	49.3250	142.3958	80	30	100	40
365	41.3937	141.3650	80	30	100	40
366	43.6189	144.1231	80	30	100	40
367	49.6697	143.1462	80	30	100	40
368	46.7654	143.5310	80	30	100	40
369	44.9888	142.1231	80	30	100	40
370	42.8470	140.6309	80	30	100	40
371	43.8777	141.9984	80	30	100	40
372	43.4830	143.9661	80	30	100	40
373	38.9846	-121.9615	80	30	100	40
374	39.8309	-123.8796	80	30	100	40
375	39.6085	-122.9507	80	30	100	40
376	39.3144	-122.6469	80	30	100	40
377	38.5311	-122.6027	80	30	100	40
378	37.3792	-121.4785	80	30	100	40
379	38.2616	-116.5604	80	30	100	40
380	36.8628	-119.9296	80	30	100	40
381	34.5854	-110.4228	80	30	100	40
382	33.4937	-112.9645	80	30	100	40
383	33.0903	-114.0803	80	30	100	40
384	39.7102	-116.6797	80	30	100	40
385	38.4248	-109.8783	80	30	100	40
386	39.8288	-108.7313	80	30	100	40
387	38.9339	-104.4609	80	30	100	40
388	33.2830	-105.7408	80	30	100	40
389	39.2754	-105.4055	80	30	100	40
390	32.5660	-100.1725	80	30	100	40
391	35.3833	-103.7704	80	30	100	40
392	35.5192	-104.6729	80	30	100	40
393	30.0877	-104.9061	80	30	100	40
394	34.8047	-109.7213	80	30	100	40
395	32.4486	-109.4644	80	30	100	40
396	34.8886	-104.4057	80	30	100	40
397	35.6413	-102.3156	80	30	100	40
398	37.9334	-109.4865	80	30	100	40
399	37.4701	-100.8341	80	30	100	40
400	31.6435	-100.3764	80	30	100	40
401	32.5241	-103.8658	80	30	100	40
402	39.3677	-100.8379	80	30	100	40
403	30.2707	-104.5036	80	30	100	40
404	35.6621	-103.8840	80	30	100	40
405	34.2753	-104.5316	80	30	100	40
406	35.1585	-106.2323	80	30	100	40
407	33.0647	-96.6532	80	30	100	40
408	32.5827	-94.5138	80	30	100	40
409	33.4912	-99.5761	80	30	100	40
410	34.2277	-95.8330	80	30	100	40
411	39.3101	-91.0758	80	30	100	40
412	37.1389	-95.6748	80	30	100	40
413	32.6902	-91.5095	80	30	100	40
414	37.6731	-91.3022	80	30	100	40
415	33.5817	-99.8073	80	30	100	40
416	31.2361	-99.5462	80	30	100	40
417	34.6355	-99.4192	80	30	100	40
418	38.7944	-95.7728	80	30	100	40
419	37.5039	-99.5068	80	30	100	40
420	39.4893	-91.2804	80	30	100	40
421	38.2040	-98.0839	80	30	100	40
422	35.6317	-97.0454	80	30	100	40
423	30.2120	-95.3974	80	30	100	40
424	36.9217	-95.1996	80	30	100	40
425	38.8105	-92.7597	80	30	100	40
426	39.1097	-91.4519	80	30	100	40
427	31.0182	-90.5908	80	30	100	40
428	34.7367	-96.9986	80	30	100	40
429	38.1715	-89.1093	80	30	100	40
430	37.8682	-88.3313	80	30	100	40
431	35.1140	-86.6142	80	30	100	40
432	38.9191	-80.9399	80	30	100	40
433	38.6218	-86.5411	80	30	100	40
434	36.5089	-84.4000	80	30	100	40
435	33.7149	-79.7510	80	30	100	40
436	34.8292	-79.1449	80	30	100	40
437	36.5875	-78.8225	80	30	100	40
438	35.4551	-79.6997	80	30	100	40
439	36.6619	-77.9030	80	30	100	40
440	35.8805	-79.4080	80	30	100	40
441	37.3059	-24.6223	80	30	100	40
442	37.7581	-25.3801	80	30	100	40
443	39.0737	-28.0088	80	30	100	40
444	38.7710	-27.3406	80	30	100	40
445	38.5078	-28.1485	80	30	100	40
446	38.7527	-27.2743	80	30	100	40
447	39.6170	-2.8433	80	30	100	40
448	39.1377	-7.1572	80	30	100	40
449	33.9184	-5.9365	80	30	100	40
450	33.5672	-1.3231	80	30	100	40
451	31.6637	-0.2322	80	30	100	40
452	35.0607	-4.2136	80	30	100	40
453	33.0952	2.8168	80	30	100	40
454	31.4453	7.3374	80	30	100	40
455	32.7322	1.2187	80	30	100	40
456	33.1952	2.5984	80	30	100	40
457	32.7811	2.5602	80	30	100	40
458	35.3444	8.7745	80	30	100	40
459	30.4790	14.3397	80	30	100	40
460	30.2110	11.0600	80	30	100	40
461	37.3934	14.9194	80	30	100	40
462	31.5635	14.5686	80	30	100	40
463	32.7098	12.0095	80	30	100	40
464	31.0376	16.6467	80	30	100	40
465	37.9585	28.6494	80	30	100	40
466	39.0988	29.0044	80	30	100	40
467	37.5851	22.7142	80	30	100	40
468	31.7448	25.0214	80	30	100	40
469	39.6192	26.3416	80	30	100	40
470	38.3100	22.6818	80	30	100	40
471	39.8869	34.1006	80	30	100	40
472	36.0803	32.8892	80	30	100	40
473	30.8768	36.2845	80	30	100	40
474	31.5820	37.0331	80	30	100	40
475	37.3946	35.7743	80	30	100	40
476	37.7779	37.7162	80	30	100	40
477	38.9527	45.3044	80	30	100	40
478	30.6631	41.0711	80	30	100	40
479	31.9071	43.4670	80	30	100	40
480	32.9525	42.3336	80	30	100	40
481	32.8730	46.7791	80	30	100	40
482	35.1584	48.7595	80	30	100	40
483	30.4728	59.2768	80	30	100	40
484	32.0973	57.1305	80	30	100	40
485	32.3158	54.2702	80	30	100	40
486	37.2491	57.8722	80	30	100	40
487	37.7502	57.2205	80	30	100	40
488	35.0837	50.7800	80	30	100	40
489	30.6770	54.2280	80	30	100	40
490	36.8332	58.3300	80	30	100	40
491	34.7776	69.9779	80	30	100	40
492	37.4738	67.0693	80	30	100	40
493	37.5559	65.9535	80	30	100	40
494	35.7969	69.5818	80	30	100	40
495	31.3880	66.9245	80	30	100	40
496	39.9857	60.9879	80	30	100	40
497	33.2541	77.6247	80	30	100	40
498	36.5447	71.1872	80	30	100	40
499	31.7827	76.6298	80	30	100	40
500	34.4787	71.7661	80	30	100	40
501	33.1018	79.8865	80	30	100	40
502	36.2206	78.0853	80	30	100	40
503	31.8268	87.8167	80	30	100	40
504	34.2541	86.1306	80	30	100	40
505	35.2780	85.9886	80	30	100	40
506	32.2246	89.4646	80	30	100	40
507	32.9117	80.5965	80	30	100	40
508	38.7059	84.4406	80	30	100	40
509	33.9999	126.9611	80	30	100	40
510	39.9759	126.0670	80	30	100	40
511	36.0831	126.6847	80	30	100	40
512	38.8673	127.9353	80	30	100	40
513	39.5014	121.6657	80	30	100	40
514	34.2549	125.5430	80	30	100	40
515	31.7572	120.6076	80	30	100	40
516	31.2859	121.2359	80	30	100	40
517	39.6058	125.7989	80	30	100	40
518	38.3544	125.6201	80	30	100	40
519	37.2407	120.6511	80	30	100	40
520	32.0253	121.8438	80	30	100	40
521	30.8083	121.1935	80	30	100	40
522	38.3783	127.4556	80	30	100	40
523	31.3486	121.4595	80	30	100	40
524	37.5835	127.0160	80	30	100	40
525	35.6870	128.6328	80	30	100	40
526	36.5201	120.6661	80	30	100	40
527	36.0665	129.3262	80	30	100	40
528	39.7322	122.9270	80	30	100	40
529	36.9718	122.2963	80	30	100	40
530	38.3304	125.8143	80	30	100	40
531	37.2505	139.2522	80	30	100	40
532	33.9744	133.6741	80	30	100	40
533	34.5959	133.0457	80	30	100	40
534	35.7361	136.2557	80	30	100	40
535	34.5320	133.0963	80	30	100	40
536	36.5426	138.7764	80	30	100	40
537	32.2267	130.7395	80	30	100	40
538	33.4968	130.9602	80	30	100	40
539	35.0967	137.0501	80	30	100	40
540	35.6068	137.9218	80	30	100	40
541	34.7913	135.1469	80	30	100	40
542	33.8595	134.0812	80	30	100	40
543	35.5221	136.6831	80	30	100	40
544	35.1370	136.5243	80	30	100	40
545	36.3187	138.6193	80	30	100	40
546	32.4669	131.6413	80	30	100	40
547	37.2717	139.7687	80	30	100	40
548	34.6442	131.7253	80	30	100	40
549	34.1464	135.9545	80	30	100	40
550	35.2739	138.6446	80	30	100	40
551	35.8650	139.7554	80	30	100	40
552	34.4317	132.8404	80	30	100	40
553	37.3741	139.1912	80	30	100	40
554	33.0457	130.9027	80	30	100	40
555	33.4654	130.5586	80	30	100	40
556	37.0320	138.8048	80	30	100	40
557	38.2063	139.4503	80	30	100	40
558	39.4519	140.7971	80	30	100	40
559	36.0080	140.0444	80	30	100	40
560	39.8614	140.1045	80	30	100	40
561	36.4417	140.5044	80	30	100	40
562	37.0256	140.4814	80	30	100	40
563	39.4556	141.2881	80	30	100	40
564	36.0221	140.5049	80	30	100	40
565	38.2176	140.3515	80	30	100	40
566	37.9771	140.0014	80	30	100	40
567	35.1359	140.0472	80	30	100	40
568	39.8284	141.7211	80	30	100	40
569	38.5838	140.0224	80	30	100	40
570	39.0206	141.5177	80	30	100	40
571	39.8788	140.6620	80	30	100	40
572	37.5229	140.1316	80	30	100	40
573	37.3402	140.9302	80	30	100	40
574	39.9394	141.1567	80	30	100	40
575	38.9278	141.2453	80	30	100	40
576	38.6058	140.7902	80	30	100	40
577	39.4195	140.1900	80	30	100	40
578	38.3025	140.0808	80	30	100	40
579	39.3108	140.8919	80	30	100	40
580	35.6968	140.5048	80	30	100	40
581	36.2467	140.5615	80	30	100	40
582	39.2789	141.8170	80	30	100	40
583	39.6230	141.2120	80	30	100	40
584	39.8368	141.2427	80	30	100	40
585	21.6700	-160.5988	80	30	100	40
586	21.6809	-160.4824	80	30	100	40
587	25.0235	-167.9745	80	30	100	40
588	23.1506	-161.9751	80	30	100	40
589	23.0880	-161.9668	80	30	100	40
590	25.0860	-167.8298	80	30	100	40
591	22.2727	-159.4976	80	30	100	40
592	21.1884	-157.1536	80	30	100	40
593	20.1438	-155.7079	80	30	100	40
594	20.9318	-156.5133	80	30	100	40
595	20.1294	-155.7222	80	30	100	40
596	22.0270	-159.6176	80	30	100	40
597	25.9978	-112.0168	80	30	100	40
598	26.8631	-112.0924	80	30	100	40
599	24.8350	-111.1144	80	30	100	40
600	28.6231	-113.6214	80	30	100	40
601	29.2697	-112.0545	80	30	100	40
602	27.5067	-114.3031	80	30	100	40
603	24.2246	-100.8956	80	30	100	40
604	27.5428	-105.6481	80	30	100	40
605	24.9042	-103.9847	80	30	100	40
606	26.8862	-103.5793	80	30	100	40
607	22.6357	-104.5685	80	30	100	40
608	27.0375	-100.3133	80	30	100	40
609	29.6822	-90.3063	80	30	100	40
610	22.4438	-98.1395	80	30	100	40
611	20.0709	-98.2864	80	30	100	40
612	29.0488	-98.8755	80	30	100	40
613	20.6728	-99.3605	80	30	100	40
614	22.6406	-99.4681	80	30	100	40
615	29.2855	-82.0576	80	30	100	40
616	21.5131	-82.8339	80	30	100	40
617	26.5791	-80.6965	80	30	100	40
618	22.3945	-80.5011	80	30	100	40
619	27.1031	-82.3692	80	30	100	40
620	21.9123	-82.4860	80	30	100	40
621	23.1093	-73.6694	80	30	100	40
622	20.2717	-75.9455	80	30	100	40
623	23.8937	-76.1603	80	30	100	40
624	21.0860	-73.5288	80	30	100	40
625	21.6959	-78.7306	80	30	100	40
626	21.0730	-75.9504	80	30	100	40
627	24.5430	-14.5043	80	30	100	40
628	22.8050	-16.2730	80	30	100	40
629	20.4015	-15.6053	80	30	100	40
630	21.1240	-13.7636	80	30	100	40
631	20.8656	-10.4123	80	30	100	40
632	27.1291	-11.3569	80	30	100	40
633	28.4623	-3.4749	80	30	100	40
634	23.0396	-1.5024	80	30	100	40
635	25.4867	-3.1553	80	30	100	40
636	28.2268	-5.0252	80	30	100	40
637	26.2721	-0.2324	80	30	100	40
638	20.4548	-9.2908	80	30	100	40
639	27.4123	7.4459	80	30	100	40
640	21.2565	0.2325	80	30	100	40
641	25.2130	3.8023	80	30	100	40
642	24.9000	0.7959	80	30	100	40
643	21.6314	7.6106	80	30	100	40
644	23.7737	9.8286	80	30	100	40
645	24.8331	18.0193	80	30	100	40
646	25.3677	16.9406	80	30	100	40
647	26.4041	14.0659	80	30	100	40
648	20.8635	11.1354	80	30	100	40
649	23.3938	19.3312	80	30	100	40
650	28.9386	16.1292	80	30	100	40
651	26.4627	26.4750	80	30	100	40
652	24.9283	27.8232	80	30	100	40
653	21.5618	27.6755	80	30	100	40
654	20.0990	21.9564	80	30	100	40
655	26.5080	21.1217	80	30	100	40
656	28.8677	26.7779	80	30	100	40
657	23.1370	32.3540	80	30	100	40
658	23.5683	39.0206	80	30	100	40
659	28.7980	36.7866	80	30	100	40
660	21.2288	31.0524	80	30	100	40
661	25.2623	32.7294	80	30	100	40
662	24.9918	38.7726	80	30	100	40
663	24.4106	33.3037	80	30	100	40
664	21.9870	31.9011	80	30	100	40
665	23.1356	31.5283	80	30	100	40
666	29.0858	31.6347	80	30	100	40
667	24.1298	38.8224	80	30	100	40
668	28.2453	38.8586	80	30	100	40
669	21.1749	36.3017	80	30	100	40
670	20.5612	35.1813	80	30	100	40
671	22.3290	35.8246	80	30	100	40
672	22.8840	32.7859	80	30	100	40
673	24.4939	30.6490	80	30	100	40
674	21.8610	46.7294	80	30	100	40
675	20.8041	46.5752	80	30	100	40
676	22.8822	42.4447	80	30	100	40
677	22.8063	40.0175	80	30	100	40
678	23.2730	43.6310	80	30	100	40
679	28.0381	45.5622	80	30	100	40
680	29.3239	46.3041	80	30	100	40
681	20.5276	47.8581	80	30	100	40
682	20.9705	44.1942	80	30	100	40
683	28.9252	42.0116	80	30	100	40
684	20.7912	46.5111	80	30	100	40
685	20.2212	46.7820	80	30	100	40
686	21.6597	46.1752	80	30	100	40
687	28.8561	42.9060	80	30	100	40
688	24.5702	49.2877	80	30	100	40
689	29.8512	40.0020	80	30	100	40
690	29.0951	46.6825	80	30	100	40
691	28.5251	58.4270	80	30	100	40
692	24.3318	55.8624	80	30	100	40
693	29.0760	55.4063	80	30	100	40
694	22.2425	58.8807	80	30	100	40
695	21.3870	51.9675	80	30	100	40
696	23.7881	52.8490	80	30	100	40
697	26.9685	54.0173	80	30	100	40
698	29.8069	55.0669	80	30	100	40
699	22.5779	57.9902	80	30	100	40
700	21.4436	51.6147	80	30	100	40
701	29.7946	68.4607	80	30	100	40
702	27.7378	64.0809	80	30	100	40
703	26.1575	67.3623	80	30	100	40
704	25.0383	67.4390	80	30	100	40
705	26.7792	66.8481	80	30	100	40
706	28.0652	60.3192	80	30	100	40
707	26.0184	68.3560	80	30	100	40
708	24.4133	71.2159	80	30	100	40
709	29.3375	76.3152	80	30	100	40
710	24.2833	77.7767	80	30	100	40
711	25.7964	78.2055	80	30	100	40
712	22.6744	77.6449	80	30	100	40
713	22.7676	76.9653	80	30	100	40
714	28.1194	70.3918	80	30	100	40
715	27.4853	80.4740	80	30	100	40
716	28.2459	86.3016	80	30	100	40
717	23.4367	82.5644	80	30	100	40
718	24.9194	82.2369	80	30	100	40
719	25.1210	83.6627	80	30	100	40
720	20.5415	85.6220	80	30	100	40
721	26.4100	85.2623	80	30	100	40
722	27.2631	95.8474	80	30	100	40
723	20.3530	96.8950	80	30	100	40
724	23.5816	97.7343	80	30	100	40
725	25.5655	98.2417	80	30	100	40
726	29.4770	96.1672	80	30	100	40
727	24.2183	93.6748	80	30	100	40
728	24.2635	121.2953	80	30	100	40
729	29.5201	120.2226	80	30	100	40
730	27.7343	120.4832	80	30	100	40
731	23.5974	120.3828	80	30	100	40
732	23.4088	121.0222	80	30	100	40
733	24.7747	121.2111	80	30	100	40
734	19.6376	-155.8569	80	30	100	40
735	19.4832	-154.8208	80	30	100	40
736	19.5298	-154.9371	80	30	100	40
737	19.3511	-155.4359	80	30	100	40
738	19.8572	-155.7610	80	30	100	40
739	19.9571	-155.4508	80	30	100	40
740	19.8159	-155.3669	80	30	100	40
741	19.2025	-155.7263	80	30	100	40
742	19.3098	-101.3602	80	30	100	40
743	17.5504	-100.4747	80	30	100	40
744	19.9770	-101.2472	80	30	100	40
745	18.8615	-102.0757	80	30	100	40
746	19.9882	-104.4803	80	30	100	40
747	18.5769	-103.3359	80	30	100	40
748	18.9912	-101.2548	80	30	100	40
749	18.4618	-102.4895	80	30	100	40
750	19.5348	-98.2437	80	30	100	40
751	16.8957	-93.2491	80	30	100	40
752	15.6244	-91.8712	80	30	100	40
753	17.1068	-95.7810	80	30	100	40
754	15.9208	-96.9663	80	30	100	40
755	19.3729	-90.1410	80	30	100	40
756	14.7383	-90.4847	80	30	100	40
757	18.0703	-90.9490	80	30	100	40
758	17.2142	-89.8473	80	30	100	40
759	14.5984	-83.7407	80	30	100	40
760	12.8346	-84.9343	80	30	100	40
761	19.8266	-87.6620	80	30	100	40
762	15.4432	-87.0110	80	30	100	40
763	15.7373	-85.2558	80	30	100	40
764	14.4052	-83.9650	80	30	100	40
765	14.9406	-84.6051	80	30	100	40
766	19.7544	-79.7205	80	30	100	40
767	11.0216	-70.8785	80	30	100	40
768	18.3583	-70.2850	80	30	100	40
769	11.8152	-72.0544	80	30	100	40
770	10.8935	-73.7694	80	30	100	40
771	10.2564	-72.2647	80	30	100	40
772	10.7061	-71.4392	80	30	100	40
773	19.7162	-72.5217	80	30	100	40
774	11.2969	-63.4223	80	30	100	40
775	10.9557	-68.9649	80	30	100	40
776	10.6235	-69.5533	80	30	100	40
777	18.7414	-69.2821	80	30	100	40
778	19.2292	-69.2028	80	30	100	40
779	18.3609	-66.1459	80	30	100	40
780	18.4706	-66.7455	80	30	100	40
781	10.5248	-68.7567	80	30	100	40
782	15.4340	-13.6463	80	30	100	40
783	14.3774	-16.2193	80	30	100	40
784	10.6782	-12.5782	80	30	100	40
785	17.3257	-14.6729	80	30	100	40
786	16.5108	-11.4505	80	30	100	40
787	13.6012	-13.8660	80	30	100	40
788	17.9983	-15.4866	80	30	100	40
789	17.4439	-11.8984	80	30	100	40
790	12.5846	-2.3587	80	30	100	40
791	10.2938	-6.4126	80	30	100	40
792	18.2798	-1.7721	80	30	100	40
793	13.9031	-0.3938	80	30	100	40
794	15.4161	-0.3845	80	30	100	40
795	12.8105	-5.7981	80	30	100	40
796	14.5360	-7.5524	80	30	100	40
797	11.3225	-1.2431	80	30	100	40
798	18.5194	-7.8687	80	30	100	40
799	17.1769	-8.5255	80	30	100	40
800	10.0830	9.9361	80	30	100	40
801	14.5739	2.0923	80	30	100	40
802	17.4598	4.6293	80	30	100	40
803	17.6043	3.1598	80	30	100	40
804	12.1437	7.0077	80	30	100	40
805	10.8177	3.4880	80	30	100	40
806	13.8931	6.5694	80	30	100	40
807	13.6571	3.6401	80	30	100	40
808	15.9012	0.4062	80	30	100	40
809	17.5149	2.3274	80	30	100	40
810	16.1516	4.4403	80	30	100	40
811	17.4408	6.3920	80	30	100	40
812	10.1858	0.8136	80	30	100	40
813	19.3229	7.0730	80	30	100	40
814	10.8723	4.4048	80	30	100	40
815	14.1613	9.8618	80	30	100	40
816	10.5080	4.8084	80	30	100	40
817	13.7813	4.8085	80	30	100	40
818	19.7556	6.5294	80	30	100	40
819	10.1008	2.7563	80	30	100	40
820	17.5693	1.8702	80	30	100	40
821	15.7546	2.3026	80	30	100	40
822	12.4223	16.8878	80	30	100	40
823	14.1194	14.2639	80	30	100	40
824	16.8486	17.8558	80	30	100	40
825	17.3739	10.8401	80	30	100	40
826	10.1639	12.4720	80	30	100	40
827	18.8858	17.1358	80	30	100	40
828	15.8979	14.3599	80	30	100	40
829	18.0631	12.2466	80	30	100	40
830	14.2170	10.8916	80	30	100	40
831	13.6435	19.9341	80	30	100	40
832	17.0973	12.3838	80	30	100	40
833	11.1484	14.6020	80	30	100	40
834	16.9187	12.3555	80	30	100	40
835	13.4816	17.4446	80	30	100	40
836	16.1956	15.8494	80	30	100	40
837	19.5161	16.4012	80	30	100	40
838	18.6190	23.4893	80	30	100	40
839	17.3463	24.7238	80	30	100	40
840	12.1752	20.9202	80	30	100	40
841	18.4418	26.0798	80	30	100	40
842	18.1603	21.6234	80	30	100	40
843	15.1907	21.3304	80	30	100	40
844	19.9224	23.4659	80	30	100	40
845	14.7527	25.9131	80	30	100	40
846	16.1554	35.1766	80	30	100	40
847	13.7399	36.7034	80	30	100	40
848	11.1515	30.4294	80	30	100	40
849	10.3376	37.1811	80	30	100	40
850	19.3662	35.3195	80	30	100	40
851	11.5781	36.5525	80	30	100	40
852	19.7992	37.2687	80	30	100	40
853	12.2907	38.4121	80	30	100	40
854	10.4006	44.7827	80	30	100	40
855	17.0425	47.1267	80	30	100	40
856	18.1268	43.3808	80	30	100	40
857	18.4761	44.9160	80	30	100	40
858	17.8914	45.6751	80	30	100	40
859	17.4397	47.3358	80	30	100	40
860	16.0240	45.3543	80	30	100	40
861	18.7858	43.3999	80	30	100	40
862	17.3337	51.8222	80	30	100	40
863	19.4562	51.6732	80	30	100	40
864	15.6143	52.0726	80	30	100	40
865	19.5921	53.1498	80	30	100	40
866	17.4383	51.7902	80	30	100	40
867	19.7623	54.8112	80	30	100	40
868	19.0983	57.2494	80	30	100	40
869	19.2972	51.5923	80	30	100	40
870	10.0532	50.9760	80	30	100	40
871	15.4329	50.0560	80	30	100	40
872	19.8455	57.0703	80	30	100	40
873	18.0262	51.6218	80	30	100	40
874	19.1113	55.9251	80	30	100	40
875	17.2996	50.7879	80	30	100	40
876	18.0234	54.0854	80	30	100	40
877	19.9081	54.5579	80	30	100	40
878	17.5956	50.4879	80	30	100	40
879	17.6806	53.6848	80	30	100	40
880	17.2894	53.4931	80	30	100	40
881	18.5183	54.5823	80	30	100	40
882	19.7715	51.0695	80	30	100	40
883	11.1814	51.0394	80	30	100	40
884	10.9147	77.2254	80	30	100	40
885	15.8877	75.0989	80	30	100	40
886	10.9579	78.7978	80	30	100	40
887	16.2515	75.5967	80	30	100	40
888	19.1258	74.6899	80	30	100	40
889	17.5445	77.2508	80	30	100	40
890	15.0495	77.0337	80	30	100	40
891	13.6541	78.8505	80	30	100	40
892	17.1146	77.8791	80	30	100	40
893	12.9958	76.0854	80	30	100	40
894	17.7177	76.8642	80	30	100	40
895	16.3783	78.3792	80	30	100	40
896	15.1627	79.4269	80	30	100	40
897	13.0375	78.7297	80	30	100	40
898	14.3305	74.9958	80	30	100	40
899	17.8785	81.4482	80	30	100	40
900	19.9690	82.0742	80	30	100	40
901	19.0366	82.9658	80	30	100	40
902	19.4075	85.0027	80	30	100	40
903	19.8987	84.6509	80	30	100	40
904	18.4943	82.6223	80	30	100	40
905	19.8319	80.4796	80	30	100	40
906	19.8411	84.8828	80	30	100	40
907	18.9340	83.2356	80	30	100	40
908	18.0176	83.4152	80	30	100	40
909	17.5985	81.8237	80	30	100	40
910	19.9811	84.7032	80	30	100	40
911	19.7588	93.9319	80	30	100	40
912	18.3283	95.9377	80	30	100	40
913	10.7666	99.0926	80	30	100	40
914	16.9396	99.0387	80	30	100	40
915	13.4191	92.9500	80	30	100	40
916	15.6442	99.6076	80	30	100	40
917	10.8090	92.5402	80	30	100	40
918	18.8749	99.9510	80	30	100	40
919	17.7886	101.2251	80	30	100	40
920	12.0639	103.5197	80	30	100	40
921	15.6422	108.0901	80	30	100	40
922	15.7846	105.8076	80	30	100	40
923	15.8374	103.3759	80	30	100	40
924	12.4574	102.4611	80	30	100	40
925	14.7905	107.5203	80	30	100	40
926	15.8983	108.0132	80	30	100	40
927	10.6341	119.5255	80	30	100	40
928	11.0297	119.5223	80	30	100	40
929	19.0076	110.5029	80	30	100	40
930	19.3942	110.5489	80	30	100	40
931	19.1648	110.4685	80	30	100	40
932	19.8873	110.9352	80	30	100	40
933	19.0768	110.2090	80	30	100	40
934	19.6398	110.0663	80	30	100	40
935	11.5641	123.9977	80	30	100	40
936	14.8755	121.3122	80	30	100	40
937	17.6178	121.6762	80	30	100	40
938	15.3185	121.1675	80	30	100	40
939	11.5156	120.2340	80	30	100	40
940	10.0880	126.1568	80	30	100	40
941	13.2686	121.4212	80	30	100	40
942	11.0870	124.6688	80	30	100	40
943	19.6675	145.5243	80	30	100	40
944	13.3532	144.7481	80	30	100	40
945	14.2448	145.3149	80	30	100	40
946	13.5097	144.8744	80	30	100	40
947	13.3970	144.8820	80	30	100	40
948	13.4458	144.8595	80	30	100	40
949	13.6557	145.0378	80	30	100	40
950	19.6645	145.4413	80	30	100	40
951	11.4354	162.3572	80	30	100	40
952	11.4493	162.4158	80	30	100	40
953	11.2822	169.8067	80	30	100	40
954	11.5387	166.9867	80	30	100	40
955	11.4365	162.1360	80	30	100	40
956	19.3743	166.5722	80	30	100	40
957	11.4435	162.2284	80	30	100	40
958	11.5355	166.8401	80	30	100	40
959	0.2961	-176.4164	80	30	100	40
960	0.2621	-176.3539	80	30	100	40
961	0.2291	-176.4129	80	30	100	40
962	0.2530	-176.4027	80	30	100	40
963	0.2568	-176.3304	80	30	100	40
964	0.2611	-176.3268	80	30	100	40
965	0.2210	-176.4245	80	30	100	40
966	0.2569	-176.2726	80	30	100	40
967	2.0892	-157.3396	80	30	100	40
968	1.9329	-157.5770	80	30	100	40
969	2.1177	-157.3329	80	30	100	40
970	1.9874	-157.3876	80	30	100	40
971	2.0126	-157.3495	80	30	100	40
972	1.9551	-157.4893	80	30	100	40
973	2.1453	-157.3118	80	30	100	40
974	1.8282	-157.2422	80	30	100	40
975	9.7780	-84.2701	80	30	100	40
976	7.5409	-80.1171	80	30	100	40
977	8.9795	-83.3039	80	30	100	40
978	8.3704	-81.0239	80	30	100	40
979	8.6630	-82.2178	80	30	100	40
980	7.7316	-81.5403	80	30	100	40
981	8.7766	-82.8029	80	30	100	40
982	7.8300	-81.2288	80	30	100	40
983	7.9836	-70.4416	80	30	100	40
984	5.2107	-75.6482	80	30	100	40
985	7.4549	-76.5963	80	30	100	40
986	5.3478	-71.5193	80	30	100	40
987	7.1469	-76.7541	80	30	100	40
988	2.8895	-77.5804	80	30	100	40
989	4.9511	-74.5890	80	30	100	40
990	8.4265	-75.0544	80	30	100	40
991	5.3376	-67.2140	80	30	100	40
992	7.8634	-67.1752	80	30	100	40
993	6.8835	-61.5578	80	30	100	40
994	6.9979	-62.6233	80	30	100	40
995	8.4275	-63.1886	80	30	100	40
996	9.3373	-68.4256	80	30	100	40
997	9.6588	-69.8350	80	30	100	40
998	9.3892	-66.4228	80	30	100	40
999	2.7286	-53.3987	80	30	100	40
1000	3.8181	-51.4699	80	30	100	40
1001	2.0565	-51.0828	80	30	100	40
1002	2.6647	-58.9213	80	30	100	40
1003	3.2382	-56.7672	80	30	100	40
1004	3.5960	-51.5270	80	30	100	40
1005	6.2593	-58.0019	80	30	100	40
1006	3.7690	-57.0540	80	30	100	40
1007	9.7949	-11.9153	80	30	100	40
1008	8.5360	-12.4143	80	30	100	40
1009	8.4066	-10.7123	80	30	100	40
1010	8.3921	-12.6060	80	30	100	40
1011	8.4835	-12.7270	80	30	100	40
1012	9.3728	-12.2626	80	30	100	40
1013	7.1006	-10.1448	80	30	100	40
1014	8.7507	-12.8644	80	30	100	40
1015	8.3943	-0.8982	80	30	100	40
1016	7.1287	-3.5463	80	30	100	40
1017	8.1247	-1.1243	80	30	100	40
1018	6.2545	-7.2337	80	30	100	40
1019	6.9208	-1.6624	80	30	100	40
1020	5.9579	-9.8941	80	30	100	40
1021	6.5639	-8.6586	80	30	100	40
1022	5.5941	-4.3789	80	30	100	40
1023	7.8627	4.0272	80	30	100	40
1024	9.3289	6.5716	80	30	100	40
1025	9.5692	1.4077	80	30	100	40
1026	7.1720	3.5965	80	30	100	40
1027	7.7793	0.0513	80	30	100	40
1028	6.6462	5.0433	80	30	100	40
1029	9.6340	5.0130	80	30	100	40
1030	9.1760	3.1057	80	30	100	40
1031	2.4604	17.7834	80	30	100	40
1032	7.1519	10.4060	80	30	100	40
1033	1.5594	11.8816	80	30	100	40
1034	7.3115	18.6887	80	30	100	40
1035	9.8160	10.2609	80	30	100	40
1036	4.2961	15.8072	80	30	100	40
1037	7.0951	19.0086	80	30	100	40
1038	9.2202	12.3193	80	30	100	40
1039	9.3867	21.8124	80	30	100	40
1040	2.6276	21.1276	80	30	100	40
1041	1.6430	22.6526	80	30	100	40
1042	0.4455	25.0145	80	30	100	40
1043	1.5935	25.0831	80	30	100	40
1044	9.2728	26.2588	80	30	100	40
1045	3.0429	23.1041	80	30	100	40
1046	7.4926	23.5218	80	30	100	40
1047	0.8404	27.7390	80	30	100	40
1048	9.5141	21.1600	80	30	100	40
1049	6.3993	25.4211	80	30	100	40
1050	0.7313	29.2900	80	30	100	40
1051	3.7392	22.8476	80	30	100	40
1052	0.5195	28.4324	80	30	100	40
1053	7.3986	23.7232	80	30	100	40
1054	7.5698	33.2813	80	30	100	40
1055	0.2769	39.2332	80	30	100	40
1056	8.4361	35.2976	80	30	100	40
1057	3.7742	36.2798	80	30	100	40
1058	6.6033	31.8038	80	30	100	40
1059	0.1012	37.8428	80	30	100	40
1060	0.3125	34.6526	80	30	100	40
1061	5.1561	30.2175	80	30	100	40
1062	8.5704	38.1106	80	30	100	40
1063	5.2296	34.3745	80	30	100	40
1064	2.2031	36.5302	80	30	100	40
1065	3.6497	32.1975	80	30	100	40
1066	0.5837	31.8747	80	30	100	40
1067	8.5547	39.3827	80	30	100	40
1068	3.3476	37.9314	80	30	100	40
1069	7.6030	48.6340	80	30	100	40
1070	4.9146	46.2035	80	30	100	40
1071	3.2811	45.4597	80	30	100	40
1072	6.9756	48.5226	80	30	100	40
1073	5.8316	46.8765	80	30	100	40
1074	7.7586	44.0544	80	30	100	40
1075	9.9943	49.0051	80	30	100	40
1076	6.4522	47.4984	80	30	100	40
1077	9.4019	50.2404	80	30	100	40
1078	8.5487	50.1597	80	30	100	40
1079	9.5978	50.0626	80	30	100	40
1080	9.6668	50.5768	80	30	100	40
1081	8.3425	50.1326	80	30	100	40
1082	9.4785	50.4954	80	30	100	40
1083	9.6394	50.2581	80	30	100	40
1084	9.5565	50.8215	80	30	100	40
1085	9.5725	77.3402	80	30	100	40
1086	3.9250	72.8745	80	30	100	40
1087	9.9819	76.6669	80	30	100	40
1088	9.4588	78.0549	80	30	100	40
1089	9.6334	77.3044	80	30	100	40
1090	7.9465	79.8819	80	30	100	40
1091	8.6816	77.4969	80	30	100	40
1092	9.8519	76.5595	80	30	100	40
1093	8.7491	76.8347	80	30	100	40
1094	5.0978	72.8571	80	30	100	40
1095	8.8818	77.7752	80	30	100	40
1096	9.7064	77.0014	80	30	100	40
1097	7.3595	80.5965	80	30	100	40
1098	6.8595	81.5238	80	30	100	40
1099	8.5804	80.7419	80	30	100	40
1100	9.2126	80.8191	80	30	100	40
1101	8.8937	80.6236	80	30	100	40
1102	6.6195	80.7322	80	30	100	40
1103	7.2875	80.4617	80	30	100	40
1104	7.3007	80.6526	80	30	100	40
1105	7.2856	81.3885	80	30	100	40
1106	6.1149	80.2082	80	30	100	40
1107	4.5860	97.1292	80	30	100	40
1108	9.8875	98.9523	80	30	100	40
1109	2.6011	98.1273	80	30	100	40
1110	4.4858	97.4145	80	30	100	40
1111	9.5389	98.6666	80	30	100	40
1112	8.8257	99.8450	80	30	100	40
1113	1.4471	99.7853	80	30	100	40
1114	5.1521	97.1215	80	30	100	40
1115	1.9458	99.4428	80	30	100	40
1116	1.3298	97.3878	80	30	100	40
1117	4.9264	97.7453	80	30	100	40
1118	4.5835	96.3030	80	30	100	40
1119	3.2556	98.2134	80	30	100	40
1120	0.9894	99.7526	80	30	100	40
1121	5.3211	95.7569	80	30	100	40
1122	0.6763	101.1408	80	30	100	40
1123	5.3616	101.7313	80	30	100	40
1124	2.8159	104.1794	80	30	100	40
1125	5.3177	100.3316	80	30	100	40
1126	1.9863	101.6094	80	30	100	40
1127	6.0816	100.7061	80	30	100	40
1128	4.4400	102.8306	80	30	100	40
1129	9.7168	106.2344	80	30	100	40
1130	1.2912	109.2862	80	30	100	40
1131	3.4666	103.0020	80	30	100	40
1132	0.6100	102.6905	80	30	100	40
1133	1.9907	103.5300	80	30	100	40
1134	5.9677	100.6161	80	30	100	40
1135	6.0324	101.4887	80	30	100	40
1136	3.8688	101.1296	80	30	100	40
1137	0.1523	111.8149	80	30	100	40
1138	2.7524	111.7942	80	30	100	40
1139	0.9857	114.7675	80	30	100	40
1140	5.3030	118.1285	80	30	100	40
1141	2.4970	115.7396	80	30	100	40
1142	2.0444	112.8128	80	30	100	40
1143	6.4907	117.3775	80	30	100	40
1144	0.7131	113.9566	80	30	100	40
1145	6.0739	125.0616	80	30	100	40
1146	9.9384	126.0155	80	30	100	40
1147	1.2114	121.2428	80	30	100	40
1148	1.1258	121.0668	80	30	100	40
1149	8.6067	125.8671	80	30	100	40
1150	0.6624	123.5947	80	30	100	40
1151	0.7561	122.7603	80	30	100	40
1152	5.9864	125.5429	80	30	100	40
1153	7.4081	134.6345	80	30	100	40
1154	3.0960	131.7065	80	30	100	40
1155	4.3695	132.3080	80	30	100	40
1156	4.4287	132.3029	80	30	100	40
1157	7.3991	134.6484	80	30	100	40
1158	3.0899	131.7272	80	30	100	40
1159	0.1990	130.2516	80	30	100	40
1160	8.5932	137.5299	80	30	100	40
1161	8.1628	140.4805	80	30	100	40
1162	7.3833	143.9903	80	30	100	40
1163	7.3871	143.9468	80	30	100	40
1164	7.7005	145.9215	80	30	100	40
1165	7.3902	143.9457	80	30	100	40
1166	7.3808	149.2660	80	30	100	40
1167	8.6102	149.7591	80	30	100	40
1168	6.7358	143.1179	80	30	100	40
1169	5.8563	157.4372	80	30	100	40
1170	8.6504	150.3725	80	30	100	40
1171	5.9396	153.3158	80	30	100	40
1172	5.4663	153.6845	80	30	100	40
1173	7.1214	157.8457	80	30	100	40
1174	7.5763	151.8349	80	30	100	40
1175	5.8567	157.4747	80	30	100	40
1176	8.6773	152.4048	80	30	100	40
1177	9.6129	169.9785	80	30	100	40
1178	9.1353	167.9062	80	30	100	40
1179	6.1242	169.5279	80	30	100	40
1180	8.8565	167.6720	80	30	100	40
1181	9.2915	167.3126	80	30	100	40
1182	9.9305	169.1245	80	30	100	40
1183	9.9015	168.9843	80	30	100	40
1184	8.9427	166.2266	80	30	100	40
1185	-3.0567	-171.1666	80	30	100	40
1186	-9.1505	-171.8311	80	30	100	40
1187	-9.1567	-171.8452	80	30	100	40
1188	-4.6588	-174.4922	80	30	100	40
1189	-4.3900	-171.3366	80	30	100	40
1190	-4.4061	-171.2363	80	30	100	40
1191	-3.6651	-170.7439	80	30	100	40
1192	-9.0961	-171.7850	80	30	100	40
1193	-0.3407	-160.0733	80	30	100	40
1194	-0.3421	-160.0445	80	30	100	40
1195	-0.3411	-160.0323	80	30	100	40
1196	-0.3508	-160.0271	80	30	100	40
1197	-0.3171	-160.0425	80	30	100	40
1198	-0.3320	-160.0142	80	30	100	40
1199	-0.3649	-160.0326	80	30	100	40
1200	-0.3415	-160.0571	80	30	100	40
1201	-8.9129	-139.4558	80	30	100	40
1202	-9.4092	-138.9656	80	30	100	40
1203	-9.9061	-138.7582	80	30	100	40
1204	-9.4447	-139.9955	80	30	100	40
1205	-9.6691	-138.8289	80	30	100	40
1206	-9.7567	-138.9154	80	30	100	40
1207	-9.7495	-139.1511	80	30	100	40
1208	-9.7600	-138.9478	80	30	100	40
1209	-0.9914	-91.0967	80	30	100	40
1210	-0.8906	-91.3521	80	30	100	40
1211	-0.3365	-91.1787	80	30	100	40
1212	-0.5105	-90.1353	80	30	100	40
1213	-0.2389	-91.1831	80	30	100	40
1214	-1.2132	-90.3916	80	30	100	40
1215	-0.6738	-90.9522	80	30	100	40
1216	-0.6721	-90.3862	80	30	100	40
1217	-1.0092	-80.5052	80	30	100	40
1218	-0.7535	-89.9584	80	30	100	40
1219	-1.4399	-80.6003	80	30	100	40
1220	-4.8015	-80.0200	80	30	100	40
1221	-3.8113	-80.1631	80	30	100	40
1222	-3.6532	-80.0252	80	30	100	40
1223	-6.4213	-80.1100	80	30	100	40
1224	-4.0762	-80.4749	80	30	100	40
1225	-9.2872	-75.8513	80	30	100	40
1226	-7.5177	-76.8664	80	30	100	40
1227	-5.1196	-75.5522	80	30	100	40
1228	-6.0064	-72.4391	80	30	100	40
1229	-2.1942	-70.2669	80	30	100	40
1230	-2.2170	-72.8646	80	30	100	40
1231	-8.8813	-75.1131	80	30	100	40
1232	-8.1569	-77.7473	80	30	100	40
1233	-8.3287	-72.3462	80	30	100	40
1234	-5.6583	-74.6784	80	30	100	40
1235	-3.4374	-78.5415	80	30	100	40
1236	-5.6881	-76.9781	80	30	100	40
1237	-0.1175	-79.3810	80	30	100	40
1238	-7.0894	-78.6119	80	30	100	40
1239	-0.4583	-77.9761	80	30	100	40
1240	-2.2366	-67.7525	80	30	100	40
1241	-7.3651	-64.8072	80	30	100	40
1242	-5.4359	-62.1995	80	30	100	40
1243	-8.3984	-62.6661	80	30	100	40
1244	-3.8202	-64.9459	80	30	100	40
1245	-4.8251	-65.3521	80	30	100	40
1246	-6.6453	-63.0794	80	30	100	40
1247	-2.0561	-65.4895	80	30	100	40
1248	-1.1742	-57.5362	80	30	100	40
1249	-2.2671	-56.4940	80	30	100	40
1250	-5.0318	-53.0134	80	30	100	40
1251	-6.8494	-54.5278	80	30	100	40
1252	-6.1130	-52.7964	80	30	100	40
1253	-1.8548	-51.6333	80	30	100	40
1254	-5.4845	-53.2702	80	30	100	40
1255	-4.2908	-53.4623	80	30	100	40
1256	-4.2585	-58.4827	80	30	100	40
1257	-5.1858	-52.6750	80	30	100	40
1258	-7.4362	-52.7450	80	30	100	40
1259	-9.3228	-56.2451	80	30	100	40
1260	-0.8071	-53.3647	80	30	100	40
1261	-9.4924	-52.8894	80	30	100	40
1262	-0.4162	-50.8236	80	30	100	40
1263	-6.0768	-59.4060	80	30	100	40
1264	-0.6444	-59.1165	80	30	100	40
1265	-0.1975	-55.8642	80	30	100	40
1266	-9.6069	-50.8562	80	30	100	40
1267	-9.0468	-55.8537	80	30	100	40
1268	-4.1866	-59.4910	80	30	100	40
1269	-0.6932	-57.1582	80	30	100	40
1270	-5.2713	-57.2071	80	30	100	40
1271	-1.6327	-59.2976	80	30	100	40
1272	-2.8972	-57.0963	80	30	100	40
1273	-5.4969	-55.7045	80	30	100	40
1274	-0.5450	-54.8254	80	30	100	40
1275	-6.0993	-56.7114	80	30	100	40
1276	-9.7527	-58.1345	80	30	100	40
1277	-6.3593	-57.7801	80	30	100	40
1278	-3.0843	-52.4698	80	30	100	40
1279	-1.4656	-55.3080	80	30	100	40
1280	-9.0359	-56.7945	80	30	100	40
1281	-7.1182	-57.1223	80	30	100	40
1282	-6.7751	-55.9927	80	30	100	40
1283	-6.6168	-50.9426	80	30	100	40
1284	-5.7979	-50.6435	80	30	100	40
1285	-4.4228	-52.0183	80	30	100	40
1286	-8.3374	-55.1616	80	30	100	40
1287	-6.2572	-51.4456	80	30	100	40
1288	-9.8958	-50.5223	80	30	100	40
1289	-5.0278	-58.2253	80	30	100	40
1290	-1.0648	-54.6974	80	30	100	40
1291	-2.6192	-49.1220	80	30	100	40
1292	-9.1784	-48.4148	80	30	100	40
1293	-6.2351	-47.8809	80	30	100	40
1294	-6.5264	-47.3925	80	30	100	40
1295	-3.7720	-46.3746	80	30	100	40
1296	-3.5231	-45.4393	80	30	100	40
1297	-4.7332	-42.1784	80	30	100	40
1298	-5.2781	-45.4532	80	30	100	40
1299	-7.2511	-36.2369	80	30	100	40
1300	-2.9537	-39.8147	80	30	100	40
1301	-5.2442	-38.6191	80	30	100	40
1302	-4.7181	-38.9877	80	30	100	40
1303	-8.5264	-37.4429	80	30	100	40
1304	-9.5284	-35.6588	80	30	100	40
1305	-9.6955	-39.2079	80	30	100	40
1306	-7.7882	-36.4776	80	30	100	40
1307	-2.1225	9.9243	80	30	100	40
1308	-1.3888	9.9546	80	30	100	40
1309	-0.7278	9.0254	80	30	100	40
1310	-0.9671	9.5089	80	30	100	40
1311	-0.6773	9.1412	80	30	100	40
1312	-0.1005	9.8607	80	30	100	40
1313	-1.3489	9.9243	80	30	100	40
1314	-0.0821	9.6449	80	30	100	40
1315	-9.7003	19.4838	80	30	100	40
1316	-4.4731	15.5644	80	30	100	40
1317	-0.2486	17.8362	80	30	100	40
1318	-3.7259	11.9017	80	30	100	40
1319	-6.3133	16.5468	80	30	100	40
1320	-3.3414	10.7802	80	30	100	40
1321	-2.8689	11.9113	80	30	100	40
1322	-1.1996	15.3946	80	30	100	40
1323	-5.2620	23.2364	80	30	100	40
1324	-6.8649	25.7692	80	30	100	40
1325	-2.6864	20.6240	80	30	100	40
1326	-5.0085	20.6864	80	30	100	40
1327	-1.9778	29.9905	80	30	100	40
1328	-8.7520	20.9050	80	30	100	40
1329	-2.8173	28.1654	80	30	100	40
1330	-4.7734	23.8748	80	30	100	40
1331	-9.4668	21.3174	80	30	100	40
1332	-9.9513	25.0771	80	30	100	40
1333	-3.4784	28.6611	80	30	100	40
1334	-8.0224	27.5713	80	30	100	40
1335	-8.1937	23.9043	80	30	100	40
1336	-3.5185	28.2230	80	30	100	40
1337	-3.8781	28.2399	80	30	100	40
1338	-5.3546	20.1441	80	30	100	40
1339	-9.3268	20.7640	80	30	100	40
1340	-6.5149	24.4974	80	30	100	40
1341	-6.4420	26.6374	80	30	100	40
1342	-4.5354	25.7704	80	30	100	40
1343	-1.8542	29.3721	80	30	100	40
1344	-4.2750	24.6273	80	30	100	40
1345	-9.6116	37.3961	80	30	100	40
1346	-3.3526	35.5125	80	30	100	40
1347	-3.8717	38.4142	80	30	100	40
1348	-9.9858	31.8835	80	30	100	40
1349	-3.1782	35.1120	80	30	100	40
1350	-1.5819	30.5925	80	30	100	40
1351	-1.8189	30.8171	80	30	100	40
1352	-3.8482	36.0286	80	30	100	40
1353	-1.0065	40.5639	80	30	100	40
1354	-0.0356	40.8079	80	30	100	40
1355	-2.4380	40.0841	80	30	100	40
1356	-0.2582	41.8116	80	30	100	40
1357	-1.5767	40.1740	80	30	100	40
1358	-3.1201	40.0258	80	30	100	40
1359	-0.7391	41.1821	80	30	100	40
1360	-0.6735	40.7792	80	30	100	40
1361	-0.5015	73.0544	80	30	100	40
1362	-6.6642	71.3333	80	30	100	40
1363	-7.2166	72.3424	80	30	100	40
1364	-5.2101	71.8510	80	30	100	40
1365	-7.2219	72.3302	80	30	100	40
1366	-0.5022	73.3237	80	30	100	40
1367	-6.2575	71.2920	80	30	100	40
1368	-6.2250	71.2634	80	30	100	40
1369	-4.0478	102.9646	80	30	100	40
1370	-1.6201	101.4620	80	30	100	40
1371	-7.0490	106.5960	80	30	100	40
1372	-1.8440	102.2094	80	30	100	40
1373	-1.6464	103.4055	80	30	100	40
1374	-1.5562	101.7161	80	30	100	40
1375	-6.6653	107.6787	80	30	100	40
1376	-1.8895	103.8154	80	30	100	40
1377	-0.2241	101.8097	80	30	100	40
1378	-1.0251	101.3527	80	30	100	40
1379	-2.7202	104.8769	80	30	100	40
1380	-6.8741	108.5337	80	30	100	40
1381	-4.7992	105.4215	80	30	100	40
1382	-2.7824	107.6628	80	30	100	40
1383	-0.7114	100.2902	80	30	100	40
1384	-7.2518	106.7132	80	30	100	40
1385	-3.4100	102.0399	80	30	100	40
1386	-3.7136	105.8023	80	30	100	40
1387	-5.6640	104.7132	80	30	100	40
1388	-1.7864	100.8184	80	30	100	40
1389	-2.7671	104.7868	80	30	100	40
1390	-4.0795	105.4705	80	30	100	40
1391	-2.8056	105.7129	80	30	100	40
1392	-2.2461	104.6144	80	30	100	40
1393	-2.2924	104.1311	80	30	100	40
1394	-3.7602	102.8409	80	30	100	40
1395	-1.4475	101.2273	80	30	100	40
1396	-5.0832	106.0892	80	30	100	40
1397	-2.9208	104.3957	80	30	100	40
1398	-7.6355	112.7171	80	30	100	40
1399	-2.7364	114.4827	80	30	100	40
1400	-3.4950	119.6783	80	30	100	40
1401	-1.0684	111.4441	80	30	100	40
1402	-3.0115	114.8454	80	30	100	40
1403	-0.7122	113.2449	80	30	100	40
1404	-2.2745	114.0596	80	30	100	40
1405	-2.9216	119.8965	80	30	100	40
1406	-8.6264	117.6734	80	30	100	40
1407	-0.5171	115.1079	80	30	100	40
1408	-2.6358	112.5595	80	30	100	40
1409	-3.8959	115.1211	80	30	100	40
1410	-0.4157	111.3440	80	30	100	40
1411	-8.4067	117.1943	80	30	100	40
1412	-9.4933	119.7899	80	30	100	40
1413	-0.4414	116.0048	80	30	100	40
1414	-2.5942	118.7462	80	30	100	40
1415	-1.3735	115.1907	80	30	100	40
1416	-0.4288	114.2542	80	30	100	40
1417	-0.3681	119.9800	80	30	100	40
1418	-1.4307	112.9817	80	30	100	40
1419	-2.5759	110.8706	80	30	100	40
1420	-0.3946	112.6684	80	30	100	40
1421	-1.4396	115.5422	80	30	100	40
1422	-2.0702	111.8328	80	30	100	40
1423	-0.9909	110.6027	80	30	100	40
1424	-1.0857	113.6718	80	30	100	40
1425	-1.2841	110.6776	80	30	100	40
1426	-2.6168	118.9831	80	30	100	40
1427	-8.0686	128.1581	80	30	100	40
1428	-2.5651	121.2898	80	30	100	40
1429	-3.6249	121.6706	80	30	100	40
1430	-2.0997	120.9081	80	30	100	40
1431	-5.7563	124.1301	80	30	100	40
1432	-4.5011	121.5687	80	30	100	40
1433	-0.6090	122.9906	80	30	100	40
1434	-4.2786	121.7712	80	30	100	40
1435	-1.0046	122.5645	80	30	100	40
1436	-2.0490	120.0576	80	30	100	40
1437	-7.2319	121.8453	80	30	100	40
1438	-2.3211	120.9728	80	30	100	40
1439	-8.6382	120.6101	80	30	100	40
1440	-1.6846	121.1638	80	30	100	40
1441	-8.2952	123.3968	80	30	100	40
1442	-8.6922	126.0646	80	30	100	40
1443	-4.0400	122.8163	80	30	100	40
1444	-1.8644	125.6461	80	30	100	40
1445	-8.6365	121.0833	80	30	100	40
1446	-1.7918	121.6739	80	30	100	40
1447	-1.9581	120.3178	80	30	100	40
1448	-4.4896	120.3919	80	30	100	40
1449	-4.1804	121.8339	80	30	100	40
1450	-0.4489	127.6483	80	30	100	40
1451	-8.0523	129.9098	80	30	100	40
1452	-2.9521	129.6446	80	30	100	40
1453	-9.7585	124.2530	80	30	100	40
1454	-1.6569	121.6518	80	30	100	40
1455	-0.3587	122.4625	80	30	100	40
1456	-3.6529	139.6818	80	30	100	40
1457	-2.6896	138.3248	80	30	100	40
1458	-3.0126	134.0100	80	30	100	40
1459	-6.4455	139.5405	80	30	100	40
1460	-2.5648	132.5116	80	30	100	40
1461	-3.5510	139.5308	80	30	100	40
1462	-2.7520	134.5119	80	30	100	40
1463	-6.1502	139.5537	80	30	100	40
1464	-7.2011	139.9150	80	30	100	40
1465	-4.9160	138.9047	80	30	100	40
1466	-6.1736	139.4280	80	30	100	40
1467	-5.1586	137.6223	80	30	100	40
1468	-3.4798	139.7172	80	30	100	40
1469	-7.9103	131.2573	80	30	100	40
1470	-3.6269	135.4725	80	30	100	40
1471	-5.4138	142.8840	80	30	100	40
1472	-4.6433	144.4590	80	30	100	40
1473	-4.7745	140.3158	80	30	100	40
1474	-6.0512	141.3332	80	30	100	40
1475	-2.8004	140.9163	80	30	100	40
1476	-6.2646	143.6953	80	30	100	40
1477	-9.6551	149.5492	80	30	100	40
1478	-5.2097	143.3881	80	30	100	40
1479	-4.4532	142.7125	80	30	100	40
1480	-6.6941	144.6674	80	30	100	40
1481	-8.2076	140.1110	80	30	100	40
1482	-3.1437	141.1841	80	30	100	40
1483	-6.2868	141.4503	80	30	100	40
1484	-6.0073	142.9668	80	30	100	40
1485	-8.0454	141.3505	80	30	100	40
1486	-4.5337	153.0588	80	30	100	40
1487	-9.4804	152.5160	80	30	100	40
1488	-4.4432	152.8894	80	30	100	40
1489	-7.0269	156.9291	80	30	100	40
1490	-5.7782	150.3691	80	30	100	40
1491	-3.3685	153.3478	80	30	100	40
1492	-7.7516	158.7859	80	30	100	40
1493	-5.7863	154.9704	80	30	100	40
1494	-8.7802	161.0420	80	30	100	40
1495	-9.1796	161.1912	80	30	100	40
1496	-9.0106	160.2535	80	30	100	40
1497	-9.7244	167.1895	80	30	100	40
1498	-9.2621	160.4268	80	30	100	40
1499	-9.2507	161.0928	80	30	100	40
1500	-9.4793	160.0036	80	30	100	40
1501	-8.2848	160.7558	80	30	100	40
1502	-9.3194	179.9362	80	30	100	40
1503	-2.4655	176.1213	80	30	100	40
1504	-6.2576	176.5062	80	30	100	40
1505	-9.2857	179.8935	80	30	100	40
1506	-9.3170	179.9189	80	30	100	40
1507	-1.2823	176.0654	80	30	100	40
1508	-2.5202	176.7621	80	30	100	40
1509	-2.4443	176.1536	80	30	100	40
1510	-16.6844	-179.9063	80	30	100	40
1511	-13.6602	-172.5348	80	30	100	40
1512	-15.7220	-179.9442	80	30	100	40
1513	-16.7145	-178.9915	80	30	100	40
1514	-17.4092	-179.5485	80	30	100	40
1515	-13.3970	-176.1071	80	30	100	40
1516	-19.7941	-174.1868	80	30	100	40
1517	-13.8892	-171.8012	80	30	100	40
1518	-10.3475	-160.9524	80	30	100	40
1519	-19.0614	-169.7878	80	30	100	40
1520	-10.4116	-160.8758	80	30	100	40
1521	-14.1364	-169.5871	80	30	100	40
1522	-10.8674	-165.8041	80	30	100	40
1523	-10.3849	-160.9702	80	30	100	40
1524	-19.0785	-169.9322	80	30	100	40
1525	-14.5342	-168.1279	80	30	100	40
1526	-19.9671	-158.0944	80	30	100	40
1527	-16.5314	-154.4951	80	30	100	40
1528	-16.7098	-151.0422	80	30	100	40
1529	-19.9517	-158.0089	80	30	100	40
1530	-19.9654	-158.0135	80	30	100	40
1531	-16.4148	-151.7761	80	30	100	40
1532	-16.4001	-151.7628	80	30	100	40
1533	-19.9616	-158.0747	80	30	100	40
1534	-15.9927	-142.2847	80	30	100	40
1535	-16.6134	-143.4486	80	30	100	40
1536	-16.8599	-143.1507	80	30	100	40
1537	-16.4608	-143.9516	80	30	100	40
1538	-15.0771	-147.3003	80	30	100	40
1539	-16.4597	-145.3381	80	30	100	40
1540	-14.6179	-145.2771	80	30	100	40
1541	-18.3624	-140.5993	80	30	100	40
1542	-11.6938	-72.2707	80	30	100	40
1543	-12.1187	-76.6740	80	30	100	40
1544	-10.1325	-72.6153	80	30	100	40
1545	-15.4014	-70.3593	80	30	100	40
1546	-13.0404	-72.8729	80	30	100	40
1547	-17.0270	-71.1381	80	30	100	40
1548	-15.2044	-71.3425	80	30	100	40
1549	-17.3990	-71.1225	80	30	100	40
1550	-13.8887	-63.0475	80	30	100	40
1551	-15.6984	-63.3322	80	30	100	40
1552	-10.8242	-69.9185	80	30	100	40
1553	-16.0848	-68.1846	80	30	100	40
1554	-13.9989	-67.4740	80	30	100	40
1555	-16.6955	-69.8488	80	30	100	40
1556	-10.8844	-60.1110	80	30	100	40
1557	-18.4914	-65.9995	80	30	100	40
1558	-10.7658	-60.3816	80	30	100	40
1559	-12.5386	-68.1986	80	30	100	40
1560	-13.6967	-61.7307	80	30	100	40
1561	-16.0720	-67.3883	80	30	100	40
1562	-18.3077	-62.5547	80	30	100	40
1563	-11.4057	-67.0204	80	30	100	40
1564	-14.7543	-62.5504	80	30	100	40
1565	-19.6327	-52.1027	80	30	100	40
1566	-17.2182	-59.4224	80	30	100	40
1567	-14.1676	-51.9047	80	30	100	40
1568	-19.1958	-59.6976	80	30	100	40
1569	-15.5825	-59.0720	80	30	100	40
1570	-15.2200	-58.7964	80	30	100	40
1571	-11.7170	-51.9882	80	30	100	40
1572	-10.0139	-58.0176	80	30	100	40
1573	-15.5947	-41.1922	80	30	100	40
1574	-13.7547	-40.1597	80	30	100	40
1575	-12.1617	-46.0117	80	30	100	40
1576	-12.0451	-47.8075	80	30	100	40
1577	-15.8081	-46.5202	80	30	100	40
1578	-17.3849	-41.7270	80	30	100	40
1579	-19.8047	-48.3432	80	30	100	40
1580	-13.3092	-47.5184	80	30	100	40
1581	-19.2554	-43.9082	80	30	100	40
1582	-19.4270	-40.2732	80	30	100	40
1583	-16.3950	-40.9994	80	30	100	40
1584	-14.4089	-42.7968	80	30	100	40
1585	-18.3308	-46.5943	80	30	100	40
1586	-17.9352	-41.3730	80	30	100	40
1587	-13.5991	-45.1518	80	30	100	40
1588	-13.1670	-43.9035	80	30	100	40
1589	-19.2359	-43.5596	80	30	100	40
1590	-16.3220	-47.2410	80	30	100	40
1591	-15.3001	-40.5836	80	30	100	40
1592	-13.2754	-46.1852	80	30	100	40
1593	-17.4724	-44.1460	80	30	100	40
1594	-10.7971	-40.0905	80	30	100	40
1595	-13.5064	-39.6892	80	30	100	40
1596	-10.5142	-36.8146	80	30	100	40
1597	-17.4248	-39.4872	80	30	100	40
1598	-18.9717	-39.8260	80	30	100	40
1599	-11.9695	-39.1014	80	30	100	40
1600	-15.2683	-39.1548	80	30	100	40
1601	-14.3256	-39.3371	80	30	100	40
1602	-10.8384	-37.6298	80	30	100	40
1603	-15.8953	-5.6723	80	30	100	40
1604	-15.9242	-5.6516	80	30	100	40
1605	-15.9403	-5.6153	80	30	100	40
1606	-15.9266	-5.6730	80	30	100	40
1607	-15.9303	-5.7320	80	30	100	40
1608	-15.9411	-5.7118	80	30	100	40
1609	-15.9025	-5.6403	80	30	100	40
1610	-15.8848	-5.6800	80	30	100	40
1611	-17.6456	13.7560	80	30	100	40
1612	-18.5706	16.3797	80	30	100	40
1613	-18.2002	12.5252	80	30	100	40
1614	-17.0678	14.9529	80	30	100	40
1615	-19.1188	14.6221	80	30	100	40
1616	-13.8379	15.2061	80	30	100	40
1617	-18.1195	15.4645	80	30	100	40
1618	-11.6804	16.6101	80	30	100	40
1619	-16.6732	25.4980	80	30	100	40
1620	-16.2608	29.8292	80	30	100	40
1621	-14.0257	29.5597	80	30	100	40
1622	-10.0426	20.3489	80	30	100	40
1623	-19.0610	24.9296	80	30	100	40
1624	-19.8229	27.1051	80	30	100	40
1625	-17.0608	29.3268	80	30	100	40
1626	-11.3978	21.6489	80	30	100	40
1627	-10.9948	29.5168	80	30	100	40
1628	-19.0922	20.8357	80	30	100	40
1629	-10.3618	22.1132	80	30	100	40
1630	-10.7589	24.5626	80	30	100	40
1631	-11.2900	26.0614	80	30	100	40
1632	-16.1653	22.2577	80	30	100	40
1633	-14.5387	22.9030	80	30	100	40
1634	-16.3371	25.1373	80	30	100	40
1635	-11.3607	24.3932	80	30	100	40
1636	-10.8435	25.4254	80	30	100	40
1637	-12.0477	27.7739	80	30	100	40
1638	-13.9367	29.2546	80	30	100	40
1639	-18.6449	20.5093	80	30	100	40
1640	-19.2838	24.0061	80	30	100	40
1641	-10.5942	37.4126	80	30	100	40
1642	-12.7534	38.9050	80	30	100	40
1643	-18.5079	32.4178	80	30	100	40
1644	-10.5397	39.7482	80	30	100	40
1645	-13.3533	38.0447	80	30	100	40
1646	-13.2246	35.1351	80	30	100	40
1647	-11.0093	35.2787	80	30	100	40
1648	-15.7802	36.7600	80	30	100	40
1649	-16.9288	48.0351	80	30	100	40
1650	-19.6606	47.8507	80	30	100	40
1651	-15.9498	47.9216	80	30	100	40
1652	-19.8146	47.6547	80	30	100	40
1653	-16.9036	49.0011	80	30	100	40
1654	-19.7037	47.6863	80	30	100	40
1655	-18.1893	47.6926	80	30	100	40
1656	-17.9619	49.2590	80	30	100	40
1657	-14.7231	50.0002	80	30	100	40
1658	-16.3448	59.7792	80	30	100	40
1659	-15.1947	50.4837	80	30	100	40
1660	-13.7655	50.1168	80	30	100	40
1661	-15.1879	50.1653	80	30	100	40
1662	-13.6051	50.0007	80	30	100	40
1663	-15.1615	50.0947	80	30	100	40
1664	-14.3367	50.2866	80	30	100	40
1665	-11.7816	96.5486	80	30	100	40
1666	-12.0820	96.9686	80	30	100	40
1667	-12.0232	97.0541	80	30	100	40
1668	-11.7930	96.6895	80	30	100	40
1669	-12.1658	96.7473	80	30	100	40
1670	-11.7608	96.5550	80	30	100	40
1671	-12.1626	96.8914	80	30	100	40
1672	-12.0487	97.0618	80	30	100	40
1673	-18.9414	129.8857	80	30	100	40
1674	-19.6062	129.3338	80	30	100	40
1675	-14.2650	126.9642	80	30	100	40
1676	-16.4656	129.2838	80	30	100	40
1677	-19.0499	127.1164	80	30	100	40
1678	-15.5395	128.1575	80	30	100	40
1679	-14.2705	126.3116	80	30	100	40
1680	-18.4875	129.2369	80	30	100	40
1681	-16.6168	131.4621	80	30	100	40
1682	-13.7083	132.4912	80	30	100	40
1683	-15.3564	134.3142	80	30	100	40
1684	-19.1357	136.6756	80	30	100	40
1685	-19.5481	137.7987	80	30	100	40
1686	-16.5034	130.9296	80	30	100	40
1687	-14.6307	135.1272	80	30	100	40
1688	-19.0855	139.7778	80	30	100	40
1689	-16.0028	142.1139	80	30	100	40
1690	-18.2661	145.0438	80	30	100	40
1691	-12.9892	142.2605	80	30	100	40
1692	-17.4031	145.4309	80	30	100	40
1693	-14.9620	142.0892	80	30	100	40
1694	-15.1615	144.1956	80	30	100	40
1695	-19.8589	147.1586	80	30	100	40
1696	-17.8787	144.3583	80	30	100	40
1697	-10.5212	150.0717	80	30	100	40
1698	-10.5542	151.4866	80	30	100	40
1699	-10.5038	152.0554	80	30	100	40
1700	-11.1955	151.9343	80	30	100	40
1701	-10.8040	152.5070	80	30	100	40
1702	-11.0714	152.3783	80	30	100	40
1703	-10.8380	152.6038	80	30	100	40
1704	-10.3737	151.3762	80	30	100	40
1705	-16.2476	167.7043	80	30	100	40
1706	-16.4214	168.3356	80	30	100	40
1707	-15.5621	168.1402	80	30	100	40
1708	-13.2440	166.5831	80	30	100	40
1709	-15.2612	167.0107	80	30	100	40
1710	-15.2415	166.8269	80	30	100	40
1711	-16.7379	168.1329	80	30	100	40
1712	-19.4168	169.3011	80	30	100	40
1713	-16.4890	179.2322	80	30	100	40
1714	-17.5922	178.1528	80	30	100	40
1715	-16.8799	178.6538	80	30	100	40
1716	-16.8324	179.0146	80	30	100	40
1717	-18.0231	177.9182	80	30	100	40
1718	-18.0916	178.2400	80	30	100	40
1719	-17.4722	177.9344	80	30	100	40
1720	-18.0815	177.9921	80	30	100	40
1721	-21.2108	-175.1293	80	30	100	40
1722	-29.2923	-177.9919	80	30	100	40
1723	-20.0281	-174.6747	80	30	100	40
1724	-29.2776	-177.9193	80	30	100	40
1725	-20.5161	-175.3806	80	30	100	40
1726	-20.4300	-174.7830	80	30	100	40
1727	-21.2184	-159.6335	80	30	100	40
1728	-21.1780	-159.7404	80	30	100	40
1729	-21.2074	-159.8847	80	30	100	40
1730	-21.9054	-157.9198	80	30	100	40
1731	-21.9016	-157.9186	80	30	100	40
1732	-21.9025	-157.8732	80	30	100	40
1733	-24.5884	-124.6684	80	30	100	40
1734	-24.5898	-124.6688	80	30	100	40
1735	-24.5842	-124.7230	80	30	100	40
1736	-24.5905	-124.7187	80	30	100	40
1737	-24.5731	-124.6428	80	30	100	40
1738	-24.6269	-124.6935	80	30	100	40
1739	-27.1781	-109.4004	80	30	100	40
1740	-27.0737	-109.1636	80	30	100	40
1741	-27.0337	-109.3824	80	30	100	40
1742	-27.1336	-109.3386	80	30	100	40
1743	-27.0739	-109.3041	80	30	100	40
1744	-27.0929	-109.1218	80	30	100	40
1745	-28.0634	-70.2307	80	30	100	40
1746	-26.4863	-70.4340	80	30	100	40
1747	-22.8313	-70.2026	80	30	100	40
1748	-29.3898	-70.9464	80	30	100	40
1749	-26.1145	-70.1454	80	30	100	40
1750	-29.4932	-71.0865	80	30	100	40
1751	-27.8488	-67.9044	80	30	100	40
1752	-26.3755	-67.9508	80	30	100	40
1753	-22.8628	-65.7288	80	30	100	40
1754	-24.9423	-62.1621	80	30	100	40
1755	-23.1803	-68.3312	80	30	100	40
1756	-25.1283	-64.7609	80	30	100	40
1757	-29.4761	-69.6767	80	30	100	40
1758	-21.6354	-67.4159	80	30	100	40
1759	-26.1348	-66.4551	80	30	100	40
1760	-28.3628	-68.7291	80	30	100	40
1761	-29.7914	-60.3983	80	30	100	40
1762	-29.3981	-59.9345	80	30	100	40
1763	-23.8041	-50.8366	80	30	100	40
1764	-25.9733	-51.9732	80	30	100	40
1765	-23.3224	-54.4882	80	30	100	40
1766	-23.1304	-59.5642	80	30	100	40
1767	-27.2161	-56.0224	80	30	100	40
1768	-25.3116	-48.8947	80	30	100	40
1769	-27.4059	-49.8427	80	30	100	40
1770	-23.3903	-44.9013	80	30	100	40
1771	-20.4948	-44.4250	80	30	100	40
1772	-20.3612	-42.7769	80	30	100	40
1773	-20.2843	-49.8028	80	30	100	40
1774	-20.9169	17.7492	80	30	100	40
1775	-23.9794	15.4869	80	30	100	40
1776	-23.7710	14.4731	80	30	100	40
1777	-21.7514	17.8881	80	30	100	40
1778	-24.5635	18.1199	80	30	100	40
1779	-26.9935	19.7947	80	30	100	40
1780	-28.1880	26.5346	80	30	100	40
1781	-21.6967	27.9995	80	30	100	40
1782	-23.1302	24.3935	80	30	100	40
1783	-29.0683	29.7006	80	30	100	40
1784	-26.6551	25.7016	80	30	100	40
1785	-25.5308	25.0272	80	30	100	40
1786	-25.4119	21.1678	80	30	100	40
1787	-24.4375	27.1533	80	30	100	40
1788	-29.6744	28.1445	80	30	100	40
1789	-23.2993	28.1257	80	30	100	40
1790	-22.2484	25.0942	80	30	100	40
1791	-25.9947	25.7972	80	30	100	40
1792	-29.5389	27.6179	80	30	100	40
1793	-21.3097	28.1098	80	30	100	40
1794	-21.2458	26.8698	80	30	100	40
1795	-28.8723	22.2132	80	30	100	40
1796	-28.8014	22.9067	80	30	100	40
1797	-22.2220	35.0372	80	30	100	40
1798	-23.3454	32.0988	80	30	100	40
1799	-29.3264	30.6897	80	30	100	40
1800	-23.6462	34.8136	80	30	100	40
1801	-26.3321	30.9356	80	30	100	40
1802	-23.4961	31.7814	80	30	100	40
1803	-22.2305	44.9098	80	30	100	40
1804	-24.2345	44.8684	80	30	100	40
1805	-21.7693	44.8563	80	30	100	40
1806	-24.1078	44.0243	80	30	100	40
1807	-21.0744	47.1398	80	30	100	40
1808	-20.2927	46.4265	80	30	100	40
1809	-28.3927	116.8084	80	30	100	40
1810	-28.0215	119.1917	80	30	100	40
1811	-29.8532	116.6997	80	30	100	40
1812	-26.7541	119.3245	80	30	100	40
1813	-21.0175	117.7715	80	30	100	40
1814	-28.0907	118.7962	80	30	100	40
1815	-26.8577	120.5405	80	30	100	40
1816	-26.7979	123.2693	80	30	100	40
1817	-22.1608	120.3544	80	30	100	40
1818	-25.2597	128.8812	80	30	100	40
1819	-23.8626	120.0077	80	30	100	40
1820	-21.4234	122.8873	80	30	100	40
1821	-21.2003	128.6648	80	30	100	40
1822	-27.6282	125.9346	80	30	100	40
1823	-25.6532	129.2911	80	30	100	40
1824	-23.3334	129.7110	80	30	100	40
1825	-26.9826	126.1297	80	30	100	40
1826	-21.0597	122.5712	80	30	100	40
1827	-26.7221	129.9716	80	30	100	40
1828	-23.7434	126.8429	80	30	100	40
1829	-20.5464	128.2054	80	30	100	40
1830	-20.7566	120.0433	80	30	100	40
1831	-21.1562	128.9001	80	30	100	40
1832	-25.0464	124.9190	80	30	100	40
1833	-28.2452	123.6348	80	30	100	40
1834	-28.8227	122.4547	80	30	100	40
1835	-23.9896	123.6409	80	30	100	40
1836	-21.5526	129.2940	80	30	100	40
1837	-26.1811	120.0000	80	30	100	40
1838	-21.5813	127.0559	80	30	100	40
1839	-20.3837	122.5474	80	30	100	40
1840	-24.6667	122.7057	80	30	100	40
1841	-23.8395	125.8862	80	30	100	40
1842	-24.7763	133.2556	80	30	100	40
1843	-20.3127	133.1090	80	30	100	40
1844	-21.8364	134.7773	80	30	100	40
1845	-22.6562	133.7951	80	30	100	40
1846	-21.8927	139.7262	80	30	100	40
1847	-24.1593	131.9957	80	30	100	40
1848	-22.6461	133.3255	80	30	100	40
1849	-21.6291	132.6157	80	30	100	40
1850	-27.8614	133.8796	80	30	100	40
1851	-21.6111	139.6197	80	30	100	40
1852	-24.3543	138.7777	80	30	100	40
1853	-27.6270	134.7995	80	30	100	40
1854	-22.9875	132.3948	80	30	100	40
1855	-20.8867	136.8363	80	30	100	40
1856	-29.8878	130.0531	80	30	100	40
1857	-26.2800	130.6832	80	30	100	40
1858	-29.8843	139.9268	80	30	100	40
1859	-28.2759	136.3192	80	30	100	40
1860	-29.0078	132.4396	80	30	100	40
1861	-26.7357	135.2538	80	30	100	40
1862	-27.3576	138.7776	80	30	100	40
1863	-29.0631	135.4415	80	30	100	40
1864	-24.7501	131.5436	80	30	100	40
1865	-20.2513	137.9971	80	30	100	40
1866	-27.4633	134.0454	80	30	100	40
1867	-28.4764	138.4753	80	30	100	40
1868	-24.0980	138.2146	80	30	100	40
1869	-21.7955	147.9113	80	30	100	40
1870	-28.7374	140.1736	80	30	100	40
1871	-26.3653	142.3071	80	30	100	40
1872	-27.0727	148.7501	80	30	100	40
1873	-22.9858	142.7211	80	30	100	40
1874	-25.0667	140.8447	80	30	100	40
1875	-28.3955	145.2845	80	30	100	40
1876	-23.4847	145.5927	80	30	100	40
1877	-24.1666	145.1673	80	30	100	40
1878	-26.7103	146.0479	80	30	100	40
1879	-28.2278	148.3940	80	30	100	40
1880	-22.3217	145.9934	80	30	100	40
1881	-27.0804	149.0924	80	30	100	40
1882	-23.5095	148.7420	80	30	100	40
1883	-22.1371	149.0742	80	30	100	40
1884	-29.2027	149.0987	80	30	100	40
1885	-28.4757	144.5704	80	30	100	40
1886	-29.6941	146.9038	80	30	100	40
1887	-24.1317	140.1748	80	30	100	40
1888	-20.2365	142.3001	80	30	100	40
1889	-28.8868	147.5033	80	30	100	40
1890	-24.8783	149.0190	80	30	100	40
1891	-28.3757	145.3022	80	30	100	40
1892	-24.0545	144.0864	80	30	100	40
1893	-20.9071	147.4072	80	30	100	40
1894	-21.8140	149.0959	80	30	100	40
1895	-29.9964	141.1289	80	30	100	40
1896	-29.1157	151.8947	80	30	100	40
1897	-25.6594	152.6095	80	30	100	40
1898	-26.9829	151.0585	80	30	100	40
1899	-26.1666	150.2433	80	30	100	40
1900	-25.6804	152.1450	80	30	100	40
1901	-26.1724	152.7014	80	30	100	40
1902	-20.7207	164.6092	80	30	100	40
1903	-20.4715	164.5338	80	30	100	40
1904	-20.9546	167.3819	80	30	100	40
1905	-20.2280	164.1908	80	30	100	40
1906	-21.0732	164.9745	80	30	100	40
1907	-22.1808	166.3682	80	30	100	40
1908	-34.1174	-70.5280	80	30	100	40
1909	-39.3695	-72.3475	80	30	100	40
1910	-33.0455	-71.4937	80	30	100	40
1911	-36.2923	-72.3018	80	30	100	40
1912	-38.5582	-70.5988	80	30	100	40
1913	-34.4045	-71.8960	80	30	100	40
1914	-31.9028	-69.8003	80	30	100	40
1915	-36.9989	-64.4979	80	30	100	40
1916	-31.9096	-65.6744	80	30	100	40
1917	-31.6356	-64.2718	80	30	100	40
1918	-30.0474	-60.1403	80	30	100	40
1919	-36.7526	-69.1772	80	30	100	40
1920	-35.6445	-63.6663	80	30	100	40
1921	-34.6217	-69.9392	80	30	100	40
1922	-32.5191	-63.4816	80	30	100	40
1923	-35.0643	-66.2330	80	30	100	40
1924	-36.4316	-65.3468	80	30	100	40
1925	-33.2457	-61.7353	80	30	100	40
1926	-32.1674	-63.6052	80	30	100	40
1927	-38.3086	-68.4393	80	30	100	40
1928	-38.7151	-62.8503	80	30	100	40
1929	-37.3899	-69.6199	80	30	100	40
1930	-31.4177	-61.7752	80	30	100	40
1931	-36.4381	-59.4897	80	30	100	40
1932	-37.6804	-57.6618	80	30	100	40
1933	-37.0075	-58.8251	80	30	100	40
1934	-33.4354	-56.3659	80	30	100	40
1935	-35.7064	-59.2096	80	30	100	40
1936	-30.0579	-59.5627	80	30	100	40
1937	-33.8525	19.1965	80	30	100	40
1938	-30.6556	18.8178	80	30	100	40
1939	-32.0032	19.7997	80	30	100	40
1940	-32.5332	19.4120	80	30	100	40
1941	-31.0935	18.5904	80	30	100	40
1942	-32.2603	19.3326	80	30	100	40
1943	-31.8522	26.4975	80	30	100	40
1944	-34.0615	21.8036	80	30	100	40
1945	-30.6617	29.7603	80	30	100	40
1946	-32.9712	26.1523	80	30	100	40
1947	-30.9537	23.6595	80	30	100	40
1948	-30.9299	22.6587	80	30	100	40
1949	-30.1587	30.1799	80	30	100	40
1950	-30.1869	30.2164	80	30	100	40
1951	-30.8766	30.2190	80	30	100	40
1952	-30.2483	30.4815	80	30	100	40
1953	-31.0925	30.0349	80	30	100	40
1954	-30.1381	30.4972	80	30	100	40
1955	-32.4351	115.7135	80	30	100	40
1956	-30.5580	119.6992	80	30	100	40
1957	-31.6227	119.5256	80	30	100	40
1958	-33.4614	118.4102	80	30	100	40
1959	-32.0469	119.7110	80	30	100	40
1960	-32.6938	116.1185	80	30	100	40
1961	-34.1669	119.0569	80	30	100	40
1962	-33.7801	118.1717	80	30	100	40
1963	-31.2566	117.7661	80	30	100	40
1964	-31.5616	117.2855	80	30	100	40
1965	-32.2430	116.6868	80	30	100	40
1966	-32.2248	121.2422	80	30	100	40
1967	-32.1102	120.5174	80	30	100	40
1968	-31.5460	122.5615	80	30	100	40
1969	-31.1290	120.7762	80	30	100	40
1970	-31.4729	126.3494	80	30	100	40
1971	-30.5644	123.3470	80	30	100	40
1972	-31.0053	130.1314	80	30	100	40
1973	-32.1973	139.3145	80	30	100	40
1974	-31.3183	131.4908	80	30	100	40
1975	-30.5129	137.3405	80	30	100	40
1976	-32.1497	136.0005	80	30	100	40
1977	-33.0212	134.8323	80	30	100	40
1978	-35.6480	147.7247	80	30	100	40
1979	-32.6851	142.9762	80	30	100	40
1980	-32.8768	145.9064	80	30	100	40
1981	-36.0653	140.7264	80	30	100	40
1982	-31.2059	143.3670	80	30	100	40
1983	-34.9002	144.2146	80	30	100	40
1984	-38.1259	142.4384	80	30	100	40
1985	-33.9295	146.1437	80	30	100	40
1986	-35.9788	146.4324	80	30	100	40
1987	-31.8875	141.3954	80	30	100	40
1988	-32.5831	144.2834	80	30	100	40
1989	-31.5708	151.4122	80	30	100	40
1990	-33.1303	151.0912	80	30	100	40
1991	-32.2163	150.6007	80	30	100	40
1992	-31.0799	150.8350	80	30	100	40
1993	-30.4547	152.8742	80	30	100	40
1994	-30.5414	151.2761	80	30	100	40
1995	-37.2736	174.8041	80	30	100	40
1996	-37.5507	178.0298	80	30	100	40
1997	-39.3128	176.6155	80	30	100	40
1998	-37.8058	176.8989	80	30	100	40
1999	-35.5551	174.1061	80	30	100	40
2000	-35.6981	173.6312	80	30	100	40
2001	-44.0524	-176.4876	80	30	100	40
2002	-43.9520	-175.7654	80	30	100	40
2003	-43.7393	-176.4018	80	30	100	40
2004	-43.7716	-176.4725	80	30	100	40
2005	-43.7219	-176.4436	80	30	100	40
2006	-44.2229	-176.0026	80	30	100	40
2007	-46.2222	-71.0077	80	30	100	40
2008	-47.9445	-70.2207	80	30	100	40
2009	-41.9292	-70.3682	80	30	100	40
2010	-45.2990	-70.1762	80	30	100	40
2011	-42.3341	-70.6054	80	30	100	40
2012	-49.5183	-70.0442	80	30	100	40
2013	-40.7921	-62.3046	80	30	100	40
2014	-42.8104	-65.3774	80	30	100	40
2015	-40.1506	-68.3259	80	30	100	40
2016	-40.2338	-68.8012	80	30	100	40
2017	-40.6443	-65.2208	80	30	100	40
2018	-44.1595	-68.3770	80	30	100	40
2019	-49.4359	69.8761	80	30	100	40
2020	-49.1266	68.9986	80	30	100	40
2021	-49.9276	68.1370	80	30	100	40
2022	-48.7339	68.9546	80	30	100	40
2023	-49.2699	69.7945	80	30	100	40
2024	-49.1260	69.0668	80	30	100	40
2025	-43.2348	146.6630	80	30	100	40
2026	-41.6291	147.7181	80	30	100	40
2027	-41.6404	146.9425	80	30	100	40
2028	-41.7571	145.3954	80	30	100	40
2029	-41.5311	145.4894	80	30	100	40
2030	-43.2734	146.6473	80	30	100	40
2031	-44.3163	169.4245	80	30	100	40
2032	-46.7508	168.0594	80	30	100	40
2033	-45.5683	169.2921	80	30	100	40
2034	-44.2809	169.0890	80	30	100	40
2035	-45.0600	168.4290	80	30	100	40
2036	-45.6851	167.4623	80	30	100	40
2037	-42.3079	171.4273	80	30	100	40
2038	-42.1574	173.5527	80	30	100	40
2039	-41.3638	172.8968	80	30	100	40
2040	-41.5197	173.8499	80	30	100	40
2041	-43.9410	170.7983	80	30	100	40
2042	-44.9247	170.6414	80	30	100	40
2043	-50.5284	-72.2946	80	30	100	40
2044	-50.9672	-71.5249	80	30	100	40
2045	-51.3369	-71.2300	80	30	100	40
2046	-50.2109	-72.9038	80	30	100	40
2047	-50.5894	-72.4818	80	30	100	40
2048	-51.2019	-69.0505	80	30	100	40
2049	-53.4775	-69.1657	80	30	100	40
2050	-54.4976	-68.9993	80	30	100	40
2051	-52.8645	-68.4511	80	30	100	40
2052	-51.8929	-69.4319	80	30	100	40
2053	-51.4706	-59.5220	80	30	100	40
2054	-51.4153	-58.1178	80	30	100	40
2055	-51.8484	-59.2092	80	30	100	40
2056	-51.3882	-59.7858	80	30	100	40
2057	-52.0114	-59.4187	80	30	100	40
2058	-68.8544	-63.9228	80	30	100	40
2059	-63.0155	-59.2905	80	30	100	40
2060	-69.1069	52.1787	80	30	100	40
2061	-69.6983	62.1818	80	30	100	40
2062	-67.0586	87.4790	80	30	100	40
2063	-68.3162	99.7511	80	30	100	40
2064	-67.6030	104.1487	80	30	100	40
2065	-75.5611	-141.5328	80	30	100	40
2066	-78.3026	-71.2923	80	30	100	40
2067	-76.5794	-14.0109	80	30	100	40
2068	-79.5895	-5.4916	80	30	100	40
2069	-72.8078	16.5897	80	30	100	40
2070	-77.2829	33.6373	80	30	100	40
2071	-75.8043	52.6399	80	30	100	40
2072	-75.5609	79.5476	80	30	100	40
2073	-77.9735	81.4361	80	30	100	40
2074	-72.9462	134.7977	80	30	100	40
2075	-74.2876	160.5645	80	30	100	40
2076	-82.7533	-150.9322	80	30	100	40
2077	-81.9067	-132.7856	80	30	100	40
2078	-85.7794	-63.5665	80	30	100	40
2079	-80.0147	-46.7364	80	30	100	40
2080	-87.4598	17.8534	80	30	100	40
2081	-86.8546	120.2897	80	30	100	40
2082	-83.3313	160.6709	80	30	100	40
2083	-86.9307	170.7069	80	30	100	40